Primitive Index,duration,collected,total,percentage,totalDuration
0,6.1663336753845215,253,253,1.2649999856948853,6.1663336753845215
1,3.5955405235290527,0,253,1.2649999856948853,9.761874198913574
2,7.984625816345215,258,511,2.555000066757202,17.74650001525879
3,0.6623063683509827,0,511,2.555000066757202,18.40880584716797
4,9.298323857365176e-05,0,511,2.555000066757202,18.408899307250977
5,3.98301100730896,0,511,2.555000066757202,22.391910552978516
6,13.211463928222656,423,934,4.670000076293945,35.60337448120117
7,3.768000602722168,0,934,4.670000076293945,39.371376037597656
8,10.792760848999023,354,1288,6.440000057220459,50.16413879394531
9,2.8094265460968018,0,1288,6.440000057220459,52.97356414794922
10,0.0013935570605099201,0,1288,6.440000057220459,52.97495651245117
11,4.135627269744873,0,1288,6.440000057220459,57.1105842590332
12,11.006791114807129,312,1600,8.0,68.11737823486328
13,1.461022973060608,0,1600,8.0,69.57839965820312
14,4.688898479798809e-05,0,1600,8.0,69.57844543457031
15,0.40566426515579224,0,1600,8.0,69.9841079711914
16,0.00013907749962527305,0,1600,8.0,69.98424530029297
17,2.8140673637390137,0,1600,8.0,72.79830932617188
18,29.391891479492188,820,2420,12.100000381469727,102.19020080566406
19,2.8778204917907715,0,2420,12.100000381469727,105.06802368164062
20,0.0008984419982880354,0,2420,12.100000381469727,105.06892395019531
21,3.8662750720977783,0,2420,12.100000381469727,108.93519592285156
22,0.0008916854276321828,0,2420,12.100000381469727,108.93608856201172
23,2.4975807666778564,0,2420,12.100000381469727,111.43367004394531
24,0.00012437501573003829,0,2420,12.100000381469727,111.43379211425781
25,0.09815588593482971,0,2420,12.100000381469727,111.53194427490234
26,0.00014821687364019454,0,2420,12.100000381469727,111.53208923339844
27,4.589926719665527,0,2420,12.100000381469727,116.12201690673828
28,14.824596405029297,513,2933,14.664999961853027,130.9466094970703
29,4.247539043426514,0,2933,14.664999961853027,135.19415283203125
30,5.001316547393799,139,3072,15.360000610351562,140.19546508789062
31,2.474224328994751,0,3072,15.360000610351562,142.66969299316406
32,0.0014972687931731343,0,3072,15.360000610351562,142.6711883544922
33,3.7560529708862305,0,3072,15.360000610351562,146.42724609375
34,0.0005284944782033563,0,3072,15.360000610351562,146.4277801513672
35,2.846686840057373,0,3072,15.360000610351562,149.2744598388672
36,9.56085205078125,265,3337,16.684999465942383,158.83531188964844
37,4.013460636138916,0,3337,16.684999465942383,162.84877014160156
38,5.156250953674316,143,3480,17.399999618530273,168.00502014160156
39,3.4243760108947754,0,3480,17.399999618530273,171.4293975830078
40,20.48736572265625,615,4095,20.475000381469727,191.91676330566406
41,3.457035541534424,0,4095,20.475000381469727,195.37379455566406
42,10.8015718460083,392,4487,22.435001373291016,206.1753692626953
43,3.796266794204712,0,4487,22.435001373291016,209.9716339111328
44,9.131481170654297,288,4775,23.875,219.10311889648438
45,0.8824372887611389,0,4775,23.875,219.9855499267578
46,0.00013510619464796036,0,4775,23.875,219.98568725585938
47,2.7350375652313232,0,4775,23.875,222.72071838378906
48,17.394420623779297,452,5227,26.135000228881836,240.11514282226562
49,1.4592406749725342,0,5227,26.135000228881836,241.5743865966797
50,0.0002851802855730057,0,5227,26.135000228881836,241.57467651367188
51,2.9603981971740723,0,5227,26.135000228881836,244.5350799560547
52,0.000751809508074075,0,5227,26.135000228881836,244.53582763671875
53,0.5906952619552612,0,5227,26.135000228881836,245.12652587890625
54,0.00033117071143351495,0,5227,26.135000228881836,245.12686157226562
55,1.888142704963684,0,5227,26.135000228881836,247.01499938964844
56,9.223127365112305,230,5457,27.28499984741211,256.2381286621094
57,0.3096841871738434,0,5457,27.28499984741211,256.5478210449219
58,0.00011417845962569118,0,5457,27.28499984741211,256.5479431152344
59,4.3249831199646,0,5457,27.28499984741211,260.8729248046875
60,9.46708869934082,261,5718,28.59000015258789,270.34002685546875
61,4.550514221191406,0,5718,28.59000015258789,274.8905334472656
62,15.685406684875488,328,6046,30.23000144958496,290.575927734375
63,0.09613149613142014,0,6046,30.23000144958496,290.67205810546875
64,3.576278459149762e-06,0,6046,30.23000144958496,290.67205810546875
65,0.23309120535850525,0,6046,30.23000144958496,290.9051513671875
66,5.284944927552715e-05,0,6046,30.23000144958496,290.90521240234375
67,3.34147572517395,0,6046,30.23000144958496,294.2466735839844
68,13.733182907104492,245,6291,31.455001831054688,307.9798583984375
69,0.08218766748905182,0,6291,31.455001831054688,308.0620422363281
70,0.00015020421415101737,0,6291,31.455001831054688,308.06219482421875
71,3.169938087463379,0,6291,31.455001831054688,311.2321472167969
72,0.1440938264131546,1,6292,31.459999084472656,311.3762512207031
73,0.28023582696914673,0,6292,31.459999084472656,311.656494140625
74,8.30122184753418,167,6459,32.29500198364258,319.95770263671875
75,2.311875581741333,0,6459,32.29500198364258,322.26959228515625
76,0.001111825229600072,0,6459,32.29500198364258,322.27069091796875
77,4.9625654220581055,0,6459,32.29500198364258,327.2332458496094
78,7.957974910736084,110,6569,32.845001220703125,335.19122314453125
79,0.27314531803131104,0,6569,32.845001220703125,335.46435546875
80,0.0001764301850926131,0,6569,32.845001220703125,335.46453857421875
81,1.6732832193374634,0,6569,32.845001220703125,337.1378173828125
82,0.0002113977971021086,0,6569,32.845001220703125,337.1380310058594
83,3.740445137023926,0,6569,32.845001220703125,340.87847900390625
84,9.236631393432617,20,6589,32.94499969482422,350.1151123046875
85,0.34093987941741943,0,6589,32.94499969482422,350.4560546875
86,4.834145329368766e-06,0,6589,32.94499969482422,350.4560546875
87,0.053404487669467926,0,6589,32.94499969482422,350.50946044921875
88,6.357828624459216e-06,0,6589,32.94499969482422,350.50946044921875
89,1.9496691226959229,0,6589,32.94499969482422,352.4591369628906
90,0.0009886423358693719,0,6589,32.94499969482422,352.4601135253906
91,2.03127384185791,0,6589,32.94499969482422,354.49139404296875
92,9.5367431640625e-06,0,6589,32.94499969482422,354.49139404296875
93,2.130366563796997,0,6589,32.94499969482422,356.62176513671875
94,0.0016307829646393657,0,6589,32.94499969482422,356.6233825683594
95,4.439700126647949,0,6589,32.94499969482422,361.0630798339844
96,0.0021982192993164062,0,6589,32.94499969482422,361.0652770996094
97,1.4914237260818481,0,6589,32.94499969482422,362.55670166015625
98,0.00017484028649050742,0,6589,32.94499969482422,362.556884765625
99,2.365525722503662,0,6589,32.94499969482422,364.92242431640625
100,0.0005229315138421953,0,6589,32.94499969482422,364.9229431152344
101,0.5350242853164673,0,6589,32.94499969482422,365.4579772949219
102,0.0014146169414743781,0,6589,32.94499969482422,365.4593811035156
103,4.196971416473389,0,6589,32.94499969482422,369.6563415527344
104,25.113370895385742,443,7032,35.15999984741211,394.76971435546875
105,1.88056218624115,0,7032,35.15999984741211,396.6502685546875
106,0.00015974121924955398,0,7032,35.15999984741211,396.6504211425781
107,0.7234251499176025,0,7032,35.15999984741211,397.37384033203125
108,0.00042041140841320157,0,7032,35.15999984741211,397.374267578125
109,1.7182061672210693,0,7032,35.15999984741211,399.09246826171875
110,7.504996299743652,127,7159,35.79500198364258,406.59747314453125
111,1.0036909580230713,0,7159,35.79500198364258,407.6011657714844
112,0.0013116211630403996,0,7159,35.79500198364258,407.60247802734375
113,0.5481970310211182,0,7159,35.79500198364258,408.1506652832031
114,16.298696517944336,257,7416,37.07999801635742,424.4493713378906
115,2.349763870239258,0,7416,37.07999801635742,426.79913330078125
116,0.0011506190057843924,0,7416,37.07999801635742,426.80029296875
117,2.8744564056396484,0,7416,37.07999801635742,429.67474365234375
118,16.25773811340332,185,7601,38.005001068115234,445.9324951171875
119,4.37650728225708,0,7601,38.005001068115234,450.3089904785156
120,13.718812942504883,230,7831,39.154998779296875,464.0278015136719
121,1.8583441972732544,0,7831,39.154998779296875,465.8861389160156
122,0.00036081025609746575,0,7831,39.154998779296875,465.8865051269531
123,3.8066539764404297,0,7831,39.154998779296875,469.6931457519531
124,15.706847190856934,71,7902,39.5099983215332,485.3999938964844
125,2.382502317428589,0,7902,39.5099983215332,487.7825012207031
126,0.0022689499892294407,0,7902,39.5099983215332,487.7847595214844
127,4.205404281616211,0,7902,39.5099983215332,491.99017333984375
128,0.000903606356587261,0,7902,39.5099983215332,491.9910888671875
129,1.3902212381362915,0,7902,39.5099983215332,493.3813171386719
130,6.367721080780029,35,7937,39.68499755859375,499.7490234375
131,1.4901517629623413,0,7937,39.68499755859375,501.2391662597656
132,0.00014742214989382774,0,7937,39.68499755859375,501.23931884765625
133,0.954674482345581,0,7937,39.68499755859375,502.1940002441406
134,0.0005376338958740234,0,7937,39.68499755859375,502.1945495605469
135,0.09018316119909286,0,7937,39.68499755859375,502.28472900390625
136,0.00047524768160656095,0,7937,39.68499755859375,502.28521728515625
137,2.7171287536621094,0,7937,39.68499755859375,505.0023498535156
138,6.917637825012207,30,7967,39.834999084472656,511.91998291015625
139,1.8480396270751953,0,7967,39.834999084472656,513.7680053710938
140,2.225794378318824e-05,0,7967,39.834999084472656,513.7680053710938
141,4.711358070373535,0,7967,39.834999084472656,518.4793701171875
142,15.771793365478516,236,8203,41.01499938964844,534.2511596679688
143,4.272461891174316,0,8203,41.01499938964844,538.5236206054688
144,2.9726593494415283,69,8272,41.36000061035156,541.4962768554688
145,1.5703446865081787,0,8272,41.36000061035156,543.066650390625
146,8.265177166322246e-05,0,8272,41.36000061035156,543.0667114257812
147,4.931869983673096,0,8272,41.36000061035156,547.9985961914062
148,16.327835083007812,174,8446,42.22999954223633,564.326416015625
149,1.416381597518921,0,8446,42.22999954223633,565.7427978515625
150,0.0002304767695022747,0,8446,42.22999954223633,565.7430419921875
151,4.207612037658691,0,8446,42.22999954223633,569.95068359375
152,9.050495147705078,73,8519,42.59499740600586,579.0011596679688
153,2.593616247177124,0,8519,42.59499740600586,581.5947875976562
154,0.5803481936454773,10,8529,42.64500045776367,582.1751098632812
155,2.0728249549865723,0,8529,42.64500045776367,584.2479248046875
156,0.0032260019797831774,0,8529,42.64500045776367,584.2511596679688
157,3.425844430923462,0,8529,42.64500045776367,587.677001953125
158,0.00027298927307128906,0,8529,42.64500045776367,587.67724609375
159,4.002197742462158,0,8529,42.64500045776367,591.679443359375
160,16.17833137512207,101,8630,43.14999771118164,607.8577880859375
161,4.356276512145996,0,8630,43.14999771118164,612.2140502929688
162,14.322275161743164,182,8812,44.060001373291016,626.5363159179688
163,4.5311150550842285,0,8812,44.060001373291016,631.0674438476562
164,22.65099334716797,335,9147,45.7349967956543,653.7184448242188
165,3.104325294494629,0,9147,45.7349967956543,656.82275390625
166,10.884018898010254,329,9476,47.380001068115234,667.706787109375
167,1.8995119333267212,0,9476,47.380001068115234,669.6063232421875
168,9.946748733520508,58,9534,47.67000198364258,679.5531005859375
169,3.532548666000366,0,9534,47.67000198364258,683.0856323242188
170,12.654336929321289,397,9931,49.654998779296875,695.739990234375
171,3.23848557472229,0,9931,49.654998779296875,698.9784545898438
172,0.04002828896045685,1,9932,49.65999984741211,699.0184936523438
173,0.5774283409118652,0,9932,49.65999984741211,699.595947265625
174,0.0003600120544433594,0,9932,49.65999984741211,699.5963134765625
175,0.8230912685394287,0,9932,49.65999984741211,700.41943359375
176,0.0001056988985510543,0,9932,49.65999984741211,700.4195556640625
177,2.134838104248047,0,9932,49.65999984741211,702.5543823242188
178,0.0005606809863820672,0,9932,49.65999984741211,702.554931640625
179,2.270575761795044,0,9932,49.65999984741211,704.8255004882812
180,0.02869807928800583,0,9932,49.65999984741211,704.8541870117188
181,3.3159565925598145,0,9932,49.65999984741211,708.170166015625
182,19.269773483276367,449,10381,51.904998779296875,727.43994140625
183,2.813845634460449,0,10381,51.904998779296875,730.2537841796875
184,3.240959644317627,88,10469,52.345001220703125,733.4947509765625
185,2.9678103923797607,0,10469,52.345001220703125,736.4625854492188
186,0.09894908219575882,0,10469,52.345001220703125,736.5615234375
187,2.573050022125244,0,10469,52.345001220703125,739.1345825195312
188,0.0015004475135356188,0,10469,52.345001220703125,739.1361083984375
189,0.8170283436775208,0,10469,52.345001220703125,739.953125
190,0.025580715388059616,0,10469,52.345001220703125,739.9786987304688
191,4.332584857940674,0,10469,52.345001220703125,744.311279296875
192,0.011781981214880943,0,10469,52.345001220703125,744.3230590820312
193,2.9284238815307617,0,10469,52.345001220703125,747.25146484375
194,13.735163688659668,160,10629,53.144996643066406,760.9866333007812
195,0.2049458920955658,0,10629,53.144996643066406,761.1915893554688
196,4.231442653690465e-05,0,10629,53.144996643066406,761.191650390625
197,1.3211619853973389,0,10629,53.144996643066406,762.5128173828125
198,0.000471022300189361,0,10629,53.144996643066406,762.5133056640625
199,0.1393510401248932,0,10629,53.144996643066406,762.6526489257812
200,0.0005712714628316462,0,10629,53.144996643066406,762.6531982421875
201,2.52163028717041,0,10629,53.144996643066406,765.1748046875
202,0.00020041356037836522,0,10629,53.144996643066406,765.1749877929688
203,3.437574863433838,0,10629,53.144996643066406,768.612548828125
204,6.410732746124268,145,10774,53.869998931884766,775.0232543945312
205,3.9425573348999023,0,10774,53.869998931884766,778.9658203125
206,26.635358810424805,452,11226,56.12999725341797,805.6011962890625
207,3.05916166305542,0,11226,56.12999725341797,808.6603393554688
208,8.67334270477295,92,11318,56.590003967285156,817.3336791992188
209,4.765605926513672,0,11318,56.590003967285156,822.0993041992188
210,3.095634937286377,13,11331,56.65500259399414,825.1949462890625
211,2.3196544647216797,0,11331,56.65500259399414,827.5145874023438
212,20.162372589111328,126,11457,57.28499984741211,847.6769409179688
213,2.0157594680786133,0,11457,57.28499984741211,849.6926879882812
214,0.0004442561184987426,0,11457,57.28499984741211,849.693115234375
215,4.317601680755615,0,11457,57.28499984741211,854.0107421875
216,9.45673942565918,36,11493,57.46500015258789,863.4674682617188
217,4.718966007232666,0,11493,57.46500015258789,868.1864624023438
218,18.3887882232666,274,11767,58.834999084472656,886.5752563476562
219,0.6671440005302429,0,11767,58.834999084472656,887.2423706054688
220,1.9250905097578652e-05,0,11767,58.834999084472656,887.2423706054688
221,3.4687838554382324,0,11767,58.834999084472656,890.711181640625
222,8.17626953125,114,11881,59.404998779296875,898.887451171875
223,2.5637683868408203,0,11881,59.404998779296875,901.4512329101562
224,3.297839403152466,37,11918,59.59000015258789,904.7490844726562
225,4.760873794555664,0,11918,59.59000015258789,909.5099487304688
226,2.156388282775879,0,11918,59.59000015258789,911.6663208007812
227,2.9426381587982178,0,11918,59.59000015258789,914.6089477539062
228,12.144699096679688,272,12190,60.95000076293945,926.753662109375
229,2.610748767852783,0,12190,60.95000076293945,929.3644409179688
230,0.00019729993073269725,0,12190,60.95000076293945,929.3646240234375
231,4.975034713745117,0,12190,60.95000076293945,934.3396606445312
232,16.175914764404297,133,12323,61.6150016784668,950.5155639648438
233,2.8168413639068604,0,12323,61.6150016784668,953.3323974609375
234,9.002897262573242,5,12328,61.63999938964844,962.3352661132812
235,2.5475404262542725,0,12328,61.63999938964844,964.8828125
236,1.0084022283554077,9,12337,61.685001373291016,965.8912353515625
237,4.863569736480713,0,12337,61.685001373291016,970.7548217773438
238,0.41058868169784546,0,12337,61.685001373291016,971.1654052734375
239,1.6572436094284058,0,12337,61.685001373291016,972.8226318359375
240,24.302270889282227,204,12541,62.70499801635742,997.1248779296875
241,2.053628921508789,0,12541,62.70499801635742,999.1785278320312
242,3.7231011390686035,31,12572,62.86000061035156,1002.901611328125
243,3.003488302230835,0,12572,62.86000061035156,1005.9050903320312
244,0.0043487548828125,0,12572,62.86000061035156,1005.909423828125
245,3.5439724922180176,0,12572,62.86000061035156,1009.453369140625
246,0.0002996126713696867,0,12572,62.86000061035156,1009.4536743164062
247,1.522436261177063,0,12572,62.86000061035156,1010.9761352539062
248,7.62939453125e-05,0,12572,62.86000061035156,1010.9761962890625
249,2.6239490509033203,0,12572,62.86000061035156,1013.6001586914062
250,1.4884995222091675,8,12580,62.900001525878906,1015.0886840820312
251,2.074049472808838,0,12580,62.900001525878906,1017.1627197265625
252,0.0005203485488891602,0,12580,62.900001525878906,1017.1632690429688
253,1.5015445947647095,0,12580,62.900001525878906,1018.664794921875
254,0.47525134682655334,8,12588,62.94000244140625,1019.1400756835938
255,4.6882710456848145,0,12588,62.94000244140625,1023.828369140625
256,0.9830989241600037,4,12592,62.959999084472656,1024.8115234375
257,2.272512674331665,0,12592,62.959999084472656,1027.083984375
258,1.162290482170647e-05,0,12592,62.959999084472656,1027.083984375
259,2.6664302349090576,0,12592,62.959999084472656,1029.7503662109375
260,0.9771339893341064,0,12592,62.959999084472656,1030.7275390625
261,3.33847713470459,0,12592,62.959999084472656,1034.0660400390625
262,23.996822357177734,91,12683,63.415000915527344,1058.0628662109375
263,0.31655800342559814,0,12683,63.415000915527344,1058.37939453125
264,0.00016848245286382735,0,12683,63.415000915527344,1058.3795166015625
265,4.018736839294434,0,12683,63.415000915527344,1062.398193359375
266,9.100303649902344,12,12695,63.47500228881836,1071.49853515625
267,1.5670392513275146,0,12695,63.47500228881836,1073.0655517578125
268,0.00036875405930913985,0,12695,63.47500228881836,1073.06591796875
269,1.2673768997192383,0,12695,63.47500228881836,1074.333251953125
270,1.2715657248918433e-05,0,12695,63.47500228881836,1074.333251953125
271,3.3725152015686035,0,12695,63.47500228881836,1077.705810546875
272,28.26810646057129,235,12930,64.6500015258789,1105.973876953125
273,0.2975215017795563,0,12930,64.6500015258789,1106.2713623046875
274,0.00034173420863226056,0,12930,64.6500015258789,1106.271728515625
275,3.4962174892425537,0,12930,64.6500015258789,1109.7679443359375
276,12.469728469848633,165,13095,65.4749984741211,1122.2376708984375
277,4.263192176818848,0,13095,65.4749984741211,1126.5008544921875
278,12.969013214111328,223,13318,66.58999633789062,1139.4698486328125
279,0.43515437841415405,0,13318,66.58999633789062,1139.905029296875
280,1.351038554275874e-05,0,13318,66.58999633789062,1139.905029296875
281,0.0955558642745018,0,13318,66.58999633789062,1140.0006103515625
282,6.357828624459216e-06,0,13318,66.58999633789062,1140.0006103515625
283,3.784771680831909,0,13318,66.58999633789062,1143.785400390625
284,18.004013061523438,384,13702,68.51000213623047,1161.7894287109375
285,4.099386692047119,0,13702,68.51000213623047,1165.8887939453125
286,13.453451156616211,127,13829,69.1449966430664,1179.34228515625
287,3.4961650371551514,0,13829,69.1449966430664,1182.8385009765625
288,14.337044715881348,209,14038,70.19000244140625,1197.175537109375
289,0.20866379141807556,0,14038,70.19000244140625,1197.3841552734375
290,0.0002672322152648121,0,14038,70.19000244140625,1197.3843994140625
291,3.903402805328369,0,14038,70.19000244140625,1201.287841796875
292,12.334134101867676,144,14182,70.91000366210938,1213.6219482421875
293,2.3873863220214844,0,14182,70.91000366210938,1216.00927734375
294,0.006053447257727385,0,14182,70.91000366210938,1216.015380859375
295,0.903174877166748,0,14182,70.91000366210938,1216.9185791015625
296,9.718046188354492,222,14404,72.0199966430664,1226.6365966796875
297,3.1395230293273926,0,14404,72.0199966430664,1229.776123046875
298,1.4798989295959473,28,14432,72.15999603271484,1231.2559814453125
299,3.6738173961639404,0,14432,72.15999603271484,1234.9298095703125
300,0.0018695989856496453,0,14432,72.15999603271484,1234.931640625
301,0.44219592213630676,0,14432,72.15999603271484,1235.373779296875
302,0.0006826718454249203,0,14432,72.15999603271484,1235.37451171875
303,3.0097532272338867,0,14432,72.15999603271484,1238.38427734375
304,22.534704208374023,78,14510,72.54999542236328,1260.9189453125
305,1.24055016040802,0,14510,72.54999542236328,1262.1595458984375
306,0.000434719433542341,0,14510,72.54999542236328,1262.1600341796875
307,1.4901924133300781,0,14510,72.54999542236328,1263.6502685546875
308,7.947285666887183e-06,0,14510,72.54999542236328,1263.6502685546875
309,1.68600332736969,0,14510,72.54999542236328,1265.3363037109375
310,0.0006278355722315609,0,14510,72.54999542236328,1265.3369140625
311,3.179361581802368,0,14510,72.54999542236328,1268.5162353515625
312,0.0004339217848610133,0,14510,72.54999542236328,1268.5167236328125
313,3.3351798057556152,0,14510,72.54999542236328,1271.8519287109375
314,0.0008106231107376516,0,14510,72.54999542236328,1271.852783203125
315,0.8597815036773682,0,14510,72.54999542236328,1272.7125244140625
316,0.00024875003146007657,0,14510,72.54999542236328,1272.7127685546875
317,2.7230703830718994,0,14510,72.54999542236328,1275.435791015625
318,29.31542205810547,209,14719,73.59500122070312,1304.751220703125
319,0.12263414263725281,0,14719,73.59500122070312,1304.8739013671875
320,0.0003838547272607684,0,14719,73.59500122070312,1304.874267578125
321,0.7849526405334473,0,14719,73.59500122070312,1305.6591796875
322,0.0014869371661916375,0,14719,73.59500122070312,1305.66064453125
323,2.414119005203247,0,14719,73.59500122070312,1308.07470703125
324,5.602836245088838e-05,0,14719,73.59500122070312,1308.07470703125
325,4.76467227935791,0,14719,73.59500122070312,1312.83935546875
326,19.002643585205078,239,14958,74.79000091552734,1331.842041015625
327,1.9230480194091797,0,14958,74.79000091552734,1333.76513671875
328,0.0008428209694102407,0,14958,74.79000091552734,1333.7659912109375
329,4.675390243530273,0,14958,74.79000091552734,1338.44140625
330,1.6300663948059082,3,14961,74.80500030517578,1340.071533203125
331,1.8340644836425781,0,14961,74.80500030517578,1341.9056396484375
332,18.353370666503906,131,15092,75.45999908447266,1360.259033203125
333,4.046241760253906,0,15092,75.45999908447266,1364.3052978515625
334,14.010418891906738,26,15118,75.59000396728516,1378.315673828125
335,0.30653584003448486,0,15118,75.59000396728516,1378.6221923828125
336,0.00023384888481814414,0,15118,75.59000396728516,1378.6224365234375
337,1.1613856554031372,0,15118,75.59000396728516,1379.7838134765625
338,3.933906555175781e-05,0,15118,75.59000396728516,1379.7838134765625
339,3.040296792984009,0,15118,75.59000396728516,1382.8240966796875
340,11.252360343933105,157,15275,76.375,1394.076416015625
341,4.268836498260498,0,15275,76.375,1398.34521484375
342,12.33270263671875,82,15357,76.78499603271484,1410.677978515625
343,1.5169894695281982,0,15357,76.78499603271484,1412.1949462890625
344,0.0004720688739325851,0,15357,76.78499603271484,1412.1954345703125
345,0.3485202491283417,0,15357,76.78499603271484,1412.5439453125
346,0.0007963179959915578,0,15357,76.78499603271484,1412.5447998046875
347,3.220093250274658,0,15357,76.78499603271484,1415.764892578125
348,12.352161407470703,22,15379,76.8949966430664,1428.1170654296875
349,3.6284074783325195,0,15379,76.8949966430664,1431.7454833984375
350,10.111554145812988,0,15379,76.8949966430664,1441.8570556640625
351,0.04764322564005852,0,15379,76.8949966430664,1441.9046630859375
352,0.0001971288293134421,0,15379,76.8949966430664,1441.9049072265625
353,3.8211028575897217,0,15379,76.8949966430664,1445.7259521484375
354,6.276554107666016,38,15417,77.08499908447266,1452.0025634765625
355,0.8652840256690979,0,15417,77.08499908447266,1452.8677978515625
356,0.00031113624572753906,0,15417,77.08499908447266,1452.8681640625
357,1.9081612825393677,0,15417,77.08499908447266,1454.7763671875
358,11.886838912963867,57,15474,77.37000274658203,1466.6632080078125
359,2.7444169521331787,0,15474,77.37000274658203,1469.4075927734375
360,9.2100830078125,71,15545,77.7249984741211,1478.61767578125
361,2.8719866275787354,0,15545,77.7249984741211,1481.4896240234375
362,17.7839298248291,147,15692,78.45999908447266,1499.2735595703125
363,3.452772855758667,0,15692,78.45999908447266,1502.726318359375
364,26.031042098999023,291,15983,79.91500091552734,1528.75732421875
365,4.335284233093262,0,15983,79.91500091552734,1533.0926513671875
366,2.0175414085388184,20,16003,80.01499938964844,1535.1102294921875
367,2.6185712814331055,0,16003,80.01499938964844,1537.728759765625
368,0.00011205672490177676,0,16003,80.01499938964844,1537.7288818359375
369,1.1769853830337524,0,16003,80.01499938964844,1538.9058837890625
370,0.000600020051933825,0,16003,80.01499938964844,1538.906494140625
371,4.229800224304199,0,16003,80.01499938964844,1543.1363525390625
372,17.049591064453125,80,16083,80.41500091552734,1560.1859130859375
373,0.8699987530708313,0,16083,80.41500091552734,1561.055908203125
374,0.0001923243107739836,0,16083,80.41500091552734,1561.05615234375
375,0.5157889127731323,0,16083,80.41500091552734,1561.5718994140625
376,6.75519258948043e-05,0,16083,80.41500091552734,1561.572021484375
377,0.5241035223007202,0,16083,80.41500091552734,1562.0960693359375
378,4.3710071622626856e-05,0,16083,80.41500091552734,1562.0960693359375
379,2.0013773441314697,0,16083,80.41500091552734,1564.097412109375
380,0.0007025400409474969,0,16083,80.41500091552734,1564.09814453125
381,0.9793136119842529,0,16083,80.41500091552734,1565.0775146484375
382,0.00018755593919195235,0,16083,80.41500091552734,1565.0777587890625
383,3.6283116340637207,0,16083,80.41500091552734,1568.7060546875
384,8.048203468322754,103,16186,80.93000030517578,1576.7542724609375
385,0.9983562231063843,0,16186,80.93000030517578,1577.752685546875
386,0.0003127313975710422,0,16186,80.93000030517578,1577.7530517578125
387,2.4575910568237305,0,16186,80.93000030517578,1580.210693359375
388,8.958795547485352,16,16202,81.01000213623047,1589.16943359375
389,4.241787910461426,0,16202,81.01000213623047,1593.4112548828125
390,25.732891082763672,88,16290,81.44999694824219,1619.1441650390625
391,1.5874015092849731,0,16290,81.44999694824219,1620.7315673828125
392,0.00044584908755496144,0,16290,81.44999694824219,1620.7320556640625
393,0.8104705810546875,0,16290,81.44999694824219,1621.54248046875
394,0.00014742214989382774,0,16290,81.44999694824219,1621.5426025390625
395,2.4962267875671387,0,16290,81.44999694824219,1624.038818359375
396,6.656428813934326,10,16300,81.5,1630.6951904296875
397,1.1056983470916748,0,16300,81.5,1631.8009033203125
398,0.0006707514985464513,0,16300,81.5,1631.801513671875
399,3.4647817611694336,0,16300,81.5,1635.2662353515625
400,0.0006071726093068719,0,16300,81.5,1635.266845703125
401,2.131924629211426,0,16300,81.5,1637.3988037109375
402,9.298323857365176e-05,0,16300,81.5,1637.39892578125
403,4.757164478302002,0,16300,81.5,1642.1561279296875
404,9.062747955322266,18,16318,81.59000396728516,1651.2188720703125
405,1.4005670547485352,0,16318,81.59000396728516,1652.619384765625
406,0.0005157794803380966,0,16318,81.59000396728516,1652.619873046875
407,0.8375511765480042,0,16318,81.59000396728516,1653.4573974609375
408,0.0072050089947879314,0,16318,81.59000396728516,1653.464599609375
409,1.3822720050811768,0,16318,81.59000396728516,1654.846923828125
410,2.3485004901885986,0,16318,81.59000396728516,1657.1954345703125
411,2.3476145267486572,0,16318,81.59000396728516,1659.5430908203125
412,18.656946182250977,116,16434,82.16999816894531,1678.2000732421875
413,3.133415937423706,0,16434,82.16999816894531,1681.33349609375
414,6.28110408782959,27,16461,82.30500030517578,1687.6146240234375
415,0.25156837701797485,0,16461,82.30500030517578,1687.8662109375
416,9.894614777294919e-05,0,16461,82.30500030517578,1687.8663330078125
417,1.1876176595687866,0,16461,82.30500030517578,1689.053955078125
418,0.0005606809863820672,0,16461,82.30500030517578,1689.0545654296875
419,1.796182632446289,0,16461,82.30500030517578,1690.8507080078125
420,12.727176666259766,36,16497,82.48500061035156,1703.577880859375
421,3.278500556945801,0,16497,82.48500061035156,1706.8563232421875
422,0.0032170615158975124,0,16497,82.48500061035156,1706.8594970703125
423,1.2441143989562988,0,16497,82.48500061035156,1708.1036376953125
424,0.0002725918893702328,0,16497,82.48500061035156,1708.1038818359375
425,1.5719892978668213,0,16497,82.48500061035156,1709.6759033203125
426,0.00010331471276003867,0,16497,82.48500061035156,1709.676025390625
427,3.2422900199890137,0,16497,82.48500061035156,1712.9183349609375
428,7.274438381195068,15,16512,82.56000518798828,1720.1927490234375
429,0.8929538726806641,0,16512,82.56000518798828,1721.085693359375
430,0.0013518333435058594,0,16512,82.56000518798828,1721.0870361328125
431,3.6869261264801025,0,16512,82.56000518798828,1724.77392578125
432,0.0005046526202932,0,16512,82.56000518798828,1724.7744140625
433,4.216362953186035,0,16512,82.56000518798828,1728.99072265625
434,7.308264255523682,132,16644,83.22000122070312,1736.2989501953125
435,1.9048129320144653,0,16644,83.22000122070312,1738.2037353515625
436,0.0011499726679176092,0,16644,83.22000122070312,1738.204833984375
437,4.193049430847168,0,16644,83.22000122070312,1742.3978271484375
438,0.9447928071022034,21,16665,83.32499694824219,1743.3426513671875
439,3.614513635635376,0,16665,83.32499694824219,1746.9571533203125
440,12.372699737548828,67,16732,83.66000366210938,1759.329833984375
441,2.1982409954071045,0,16732,83.66000366210938,1761.528076171875
442,0.003052155254408717,0,16732,83.66000366210938,1761.5311279296875
443,3.205531358718872,0,16732,83.66000366210938,1764.7366943359375
444,6.038400650024414,23,16755,83.7750015258789,1770.775146484375
445,3.0694220066070557,0,16755,83.7750015258789,1773.8446044921875
446,12.647740364074707,134,16889,84.44499969482422,1786.4923095703125
447,1.9254871606826782,0,16889,84.44499969482422,1788.4178466796875
448,0.0008273139828816056,0,16889,84.44499969482422,1788.418701171875
449,2.8101181983947754,0,16889,84.44499969482422,1791.228759765625
450,12.558055877685547,51,16940,84.69999694824219,1803.786865234375
451,2.4276933670043945,0,16940,84.69999694824219,1806.214599609375
452,4.605438232421875,12,16952,84.75999450683594,1810.820068359375
453,4.302710056304932,0,16952,84.75999450683594,1815.122802734375
454,12.884842872619629,22,16974,84.8699951171875,1828.0076904296875
455,3.3464572429656982,0,16974,84.8699951171875,1831.3541259765625
456,11.708040237426758,15,16989,84.94499969482422,1843.0621337890625
457,0.1756846010684967,0,16989,84.94499969482422,1843.23779296875
458,0.0004529952711891383,0,16989,84.94499969482422,1843.23828125
459,1.0315656661987305,0,16989,84.94499969482422,1844.2698974609375
460,3.7270543575286865,52,17041,85.20500183105469,1847.9969482421875
461,4.951989650726318,0,17041,85.20500183105469,1852.948974609375
462,19.002004623413086,10,17051,85.2550048828125,1871.950927734375
463,2.28049373626709,0,17051,85.2550048828125,1874.2314453125
464,0.0021425883751362562,0,17051,85.2550048828125,1874.233642578125
465,4.9489946365356445,0,17051,85.2550048828125,1879.1826171875
466,14.755738258361816,154,17205,86.0250015258789,1893.9383544921875
467,3.4058053493499756,0,17205,86.0250015258789,1897.3441162109375
468,17.32378578186035,23,17228,86.13999938964844,1914.6678466796875
469,1.7493548393249512,0,17228,86.13999938964844,1916.417236328125
470,0.0037515165749937296,0,17228,86.13999938964844,1916.4210205078125
471,2.0299131870269775,0,17228,86.13999938964844,1918.450927734375
472,4.6138834953308105,21,17249,86.24500274658203,1923.0648193359375
473,0.6979299783706665,0,17249,86.24500274658203,1923.7626953125
474,0.00030994441476650536,0,17249,86.24500274658203,1923.7630615234375
475,2.622495651245117,0,17249,86.24500274658203,1926.385498046875
476,0.00041961667011491954,0,17249,86.24500274658203,1926.3858642578125
477,4.502593994140625,0,17249,86.24500274658203,1930.888427734375
478,22.827880859375,9,17258,86.29000091552734,1953.71630859375
479,4.099696636199951,0,17258,86.29000091552734,1957.8160400390625
480,9.00148868560791,24,17282,86.40999603271484,1966.8175048828125
481,2.628020763397217,0,17282,86.40999603271484,1969.445556640625
482,8.94701099395752,119,17401,87.0050048828125,1978.392578125
483,1.598809838294983,0,17401,87.0050048828125,1979.9913330078125
484,0.0005984307499602437,0,17401,87.0050048828125,1979.991943359375
485,4.257135391235352,0,17401,87.0050048828125,1984.2490234375
486,6.848175048828125,50,17451,87.2550048828125,1991.09716796875
487,2.7294511795043945,0,17451,87.2550048828125,1993.82666015625
488,18.07933807373047,6,17457,87.28500366210938,2011.906005859375
489,0.5068110227584839,0,17457,87.28500366210938,2012.412841796875
490,0.00014862274110782892,0,17457,87.28500366210938,2012.4129638671875
491,0.9201930165290833,0,17457,87.28500366210938,2013.3331298828125
492,5.245208376436494e-05,0,17457,87.28500366210938,2013.3331298828125
493,1.7243897914886475,0,17457,87.28500366210938,2015.0574951171875
494,0.0004442532663233578,0,17457,87.28500366210938,2015.0579833984375
495,1.644821047782898,0,17457,87.28500366210938,2016.7027587890625
496,3.5762786865234375e-05,0,17457,87.28500366210938,2016.7027587890625
497,4.123302459716797,0,17457,87.28500366210938,2020.8260498046875
498,13.661738395690918,52,17509,87.54499816894531,2034.48779296875
499,3.8721556663513184,0,17509,87.54499816894531,2038.3599853515625
500,12.774957656860352,28,17537,87.68499755859375,2051.135009765625
501,0.6805156469345093,0,17537,87.68499755859375,2051.8154296875
502,0.00027577081345953047,0,17537,87.68499755859375,2051.815673828125
503,2.6401138305664062,0,17537,87.68499755859375,2054.455810546875
504,0.00048359233187511563,0,17537,87.68499755859375,2054.456298828125
505,4.159562110900879,0,17537,87.68499755859375,2058.615966796875
506,7.027050971984863,4,17541,87.70500183105469,2065.64306640625
507,0.3922630548477173,0,17541,87.70500183105469,2066.035400390625
508,0.0017086664447560906,0,17541,87.70500183105469,2066.037109375
509,4.681368827819824,0,17541,87.70500183105469,2070.718505859375
510,0.04518747329711914,0,17541,87.70500183105469,2070.763671875
511,4.243945598602295,0,17541,87.70500183105469,2075.007568359375
512,12.213777542114258,32,17573,87.86499786376953,2087.221435546875
513,1.3175355195999146,0,17573,87.86499786376953,2088.5390625
514,1.9797788858413696,2,17575,87.875,2090.518798828125
515,1.1089123487472534,0,17575,87.875,2091.627685546875
516,0.0005702179041691124,0,17575,87.875,2091.628173828125
517,4.772451877593994,0,17575,87.875,2096.400634765625
518,0.7242422699928284,8,17583,87.91500091552734,2097.124755859375
519,2.96541428565979,0,17583,87.91500091552734,2100.090087890625
520,9.03258991241455,6,17589,87.94499969482422,2109.12255859375
521,4.154802322387695,0,17589,87.94499969482422,2113.27734375
522,7.386762619018555,90,17679,88.3949966430664,2120.6640625
523,3.974609136581421,0,17679,88.3949966430664,2124.638671875
524,21.617164611816406,55,17734,88.66999816894531,2146.255859375
525,2.329756259918213,0,17734,88.66999816894531,2148.585693359375
526,1.0152995586395264,1,17735,88.67499542236328,2149.60107421875
527,3.0857367515563965,0,17735,88.67499542236328,2152.686767578125
528,17.933786392211914,4,17739,88.69499969482422,2170.62060546875
529,4.593527317047119,0,17739,88.69499969482422,2175.214111328125
530,14.529801368713379,11,17750,88.75,2189.743896484375
531,1.2457430362701416,0,17750,88.75,2190.98974609375
532,7.62939453125e-05,0,17750,88.75,2190.98974609375
533,2.501091718673706,0,17750,88.75,2193.49072265625
534,0.0014559427509084344,0,17750,88.75,2193.4921875
535,2.4026927947998047,0,17750,88.75,2195.894775390625
536,5.483626955538057e-05,0,17750,88.75,2195.894775390625
537,3.304898500442505,0,17750,88.75,2199.19970703125
538,8.429906845092773,7,17757,88.78499603271484,2207.629638671875
539,1.9136688709259033,0,17757,88.78499603271484,2209.543212890625
540,0.00019629858434200287,0,17757,88.78499603271484,2209.54345703125
541,1.7915889024734497,0,17757,88.78499603271484,2211.3349609375
542,0.00022490818810183555,0,17757,88.78499603271484,2211.335205078125
543,4.654619216918945,0,17757,88.78499603271484,2215.98974609375
544,7.22493314743042,19,17776,88.8800048828125,2223.214599609375
545,1.0957846641540527,0,17776,88.8800048828125,2224.310302734375
546,0.0027326741255819798,0,17776,88.8800048828125,2224.31298828125
547,2.4367973804473877,0,17776,88.8800048828125,2226.749755859375
548,19.24839973449707,33,17809,89.04499816894531,2245.998046875
549,3.0970845222473145,0,17809,89.04499816894531,2249.09521484375
550,11.657891273498535,43,17852,89.26000213623047,2260.753173828125
551,1.4914894104003906,0,17852,89.26000213623047,2262.24462890625
552,9.060843467712402,3,17855,89.2750015258789,2271.305419921875
553,1.087782382965088,0,17855,89.2750015258789,2272.393310546875
554,0.0002737029572017491,0,17855,89.2750015258789,2272.3935546875
555,1.6476976871490479,0,17855,89.2750015258789,2274.041259765625
556,0.00012051607336616144,0,17855,89.2750015258789,2274.041259765625
557,0.698677122592926,0,17855,89.2750015258789,2274.739990234375
558,0.0003339609829708934,0,17855,89.2750015258789,2274.740234375
559,2.2108206748962402,0,17855,89.2750015258789,2276.951171875
560,0.00022921962954569608,0,17855,89.2750015258789,2276.951416015625
561,1.5931438207626343,0,17855,89.2750015258789,2278.544677734375
562,8.871384620666504,34,17889,89.44499969482422,2287.416015625
563,1.1568818092346191,0,17889,89.44499969482422,2288.572998046875
564,8.344650268554688e-06,0,17889,89.44499969482422,2288.572998046875
565,0.8557987809181213,0,17889,89.44499969482422,2289.4287109375
566,0.00018795330834109336,0,17889,89.44499969482422,2289.428955078125
567,1.1745545864105225,0,17889,89.44499969482422,2290.603515625
568,0.0010081131476908922,0,17889,89.44499969482422,2290.6044921875
569,2.304018497467041,0,17889,89.44499969482422,2292.908447265625
570,6.635983299929649e-05,0,17889,89.44499969482422,2292.908447265625
571,4.336665153503418,0,17889,89.44499969482422,2297.2451171875
572,13.544171333312988,66,17955,89.7750015258789,2310.789306640625
573,3.4031660556793213,0,17955,89.7750015258789,2314.1923828125
574,13.01080322265625,57,18012,90.06000518798828,2327.203125
575,2.4781997203826904,0,18012,90.06000518798828,2329.681396484375
576,2.2461676597595215,3,18015,90.07499694824219,2331.927490234375
577,3.0339980125427246,0,18015,90.07499694824219,2334.96142578125
578,10.535531997680664,25,18040,90.20000457763672,2345.4970703125
579,3.715785264968872,0,18040,90.20000457763672,2349.212890625
580,9.085470199584961,3,18043,90.21499633789062,2358.29833984375
581,1.9652698040008545,0,18043,90.21499633789062,2360.263671875
582,0.001659989240579307,0,18043,90.21499633789062,2360.265380859375
583,2.942087411880493,0,18043,90.21499633789062,2363.20751953125
584,9.02791690826416,10,18053,90.26499938964844,2372.2353515625
585,2.531170606613159,0,18053,90.26499938964844,2374.7666015625
586,13.80148696899414,24,18077,90.38500213623047,2388.568115234375
587,0.10499366372823715,0,18077,90.38500213623047,2388.673095703125
588,5.605090700555593e-05,0,18077,90.38500213623047,2388.673095703125
589,3.3970353603363037,0,18077,90.38500213623047,2392.070068359375
590,12.33298110961914,11,18088,90.44000244140625,2404.403076171875
591,2.98500394821167,0,18088,90.44000244140625,2407.38818359375
592,0.003558794502168894,0,18088,90.44000244140625,2407.391845703125
593,2.584954261779785,0,18088,90.44000244140625,2409.976806640625
594,15.678766250610352,94,18182,90.90999603271484,2425.655517578125
595,4.7742695808410645,0,18182,90.90999603271484,2430.4296875
596,15.747004508972168,30,18212,91.05999755859375,2446.1767578125
597,4.977652549743652,0,18212,91.05999755859375,2451.154296875
598,15.72607135772705,14,18226,91.12999725341797,2466.88037109375
599,1.172637939453125,0,18226,91.12999725341797,2468.052978515625
600,0.0003600120544433594,0,18226,91.12999725341797,2468.05322265625
601,0.4992496371269226,0,18226,91.12999725341797,2468.552490234375
602,0.0007208188180811703,0,18226,91.12999725341797,2468.55322265625
603,2.008821725845337,0,18226,91.12999725341797,2470.56201171875
604,14.716814041137695,39,18265,91.32500457763672,2485.27880859375
605,4.982783794403076,0,18265,91.32500457763672,2490.261474609375
606,14.573768615722656,4,18269,91.34500122070312,2504.835205078125
607,4.151378154754639,0,18269,91.34500122070312,2508.986572265625
608,15.97652530670166,9,18278,91.38999938964844,2524.963134765625
609,1.7591679096221924,0,18278,91.38999938964844,2526.722412109375
610,0.00042915638186968863,0,18278,91.38999938964844,2526.722900390625
611,1.5459085702896118,0,18278,91.38999938964844,2528.268798828125
612,2.1457672119140625e-05,0,18278,91.38999938964844,2528.268798828125
613,0.14092804491519928,0,18278,91.38999938964844,2528.40966796875
614,5.086262899567373e-05,0,18278,91.38999938964844,2528.40966796875
615,2.1021697521209717,0,18278,91.38999938964844,2530.51171875
616,0.0007843970670364797,0,18278,91.38999938964844,2530.512451171875
617,4.318320274353027,0,18278,91.38999938964844,2534.830810546875
618,0.012663205154240131,0,18278,91.38999938964844,2534.843505859375
619,3.7949297428131104,0,18278,91.38999938964844,2538.638427734375
620,12.75162124633789,12,18290,91.44999694824219,2551.39013671875
621,2.8280577659606934,0,18290,91.44999694824219,2554.21826171875
622,0.0005070368060842156,0,18290,91.44999694824219,2554.21875
623,0.7166776657104492,0,18290,91.44999694824219,2554.935546875
624,0.0025320053100585938,0,18290,91.44999694824219,2554.93798828125
625,3.4461634159088135,0,18290,91.44999694824219,2558.384033203125
626,0.0002956390380859375,0,18290,91.44999694824219,2558.38427734375
627,3.080942392349243,0,18290,91.44999694824219,2561.46533203125
628,0.0008853276376612484,0,18290,91.44999694824219,2561.46630859375
629,0.4824591279029846,0,18290,91.44999694824219,2561.94873046875
630,0.005820591934025288,0,18290,91.44999694824219,2561.95458984375
631,3.2814762592315674,0,18290,91.44999694824219,2565.236083984375
632,0.00020345051598269492,0,18290,91.44999694824219,2565.236328125
633,0.41678306460380554,0,18290,91.44999694824219,2565.653076171875
634,0.00034968057298101485,0,18290,91.44999694824219,2565.6533203125
635,3.387190818786621,0,18290,91.44999694824219,2569.04052734375
636,0.0012906391639262438,0,18290,91.44999694824219,2569.041748046875
637,0.033069878816604614,0,18290,91.44999694824219,2569.07470703125
638,0.0011889139423146844,0,18290,91.44999694824219,2569.075927734375
639,1.3158010244369507,0,18290,91.44999694824219,2570.391845703125
640,0.00017007191490847617,0,18290,91.44999694824219,2570.39208984375
641,3.8467631340026855,0,18290,91.44999694824219,2574.23876953125
642,9.297661781311035,21,18311,91.55500030517578,2583.536376953125
643,3.347400188446045,0,18311,91.55500030517578,2586.8837890625
644,4.0923542976379395,13,18324,91.6199951171875,2590.97607421875
645,4.815938949584961,0,18324,91.6199951171875,2595.7919921875
646,2.9304099082946777,7,18331,91.65499877929688,2598.722412109375
647,1.2971090078353882,0,18331,91.65499877929688,2600.01953125
648,0.00012556774890981615,0,18331,91.65499877929688,2600.019775390625
649,1.4238166809082031,0,18331,91.65499877929688,2601.443603515625
650,0.00019709268235601485,0,18331,91.65499877929688,2601.44384765625
651,0.6134629249572754,0,18331,91.65499877929688,2602.057373046875
652,0.00043710070895031095,0,18331,91.65499877929688,2602.057861328125
653,3.5679028034210205,0,18331,91.65499877929688,2605.625732421875
654,9.004084587097168,0,18331,91.65499877929688,2614.6298828125
655,0.5747998952865601,0,18331,91.65499877929688,2615.20458984375
656,0.0001659917616052553,0,18331,91.65499877929688,2615.204833984375
657,0.34225812554359436,0,18331,91.65499877929688,2615.547119140625
658,0.00026790553238242865,0,18331,91.65499877929688,2615.54736328125
659,0.43056371808052063,0,18331,91.65499877929688,2615.97802734375
660,0.0001435306330677122,0,18331,91.65499877929688,2615.978271484375
661,3.7566123008728027,0,18331,91.65499877929688,2619.73486328125
662,10.0322847366333,6,18337,91.68499755859375,2629.76708984375
663,1.4342843294143677,0,18337,91.68499755859375,2631.201416015625
664,0.00154654192738235,0,18337,91.68499755859375,2631.202880859375
665,2.3471057415008545,0,18337,91.68499755859375,2633.550048828125
666,19.941701889038086,27,18364,91.81999969482422,2653.49169921875
667,4.373917102813721,0,18364,91.81999969482422,2657.86572265625
668,25.758413314819336,47,18411,92.05500030517578,2683.6240234375
669,4.725701332092285,0,18411,92.05500030517578,2688.349609375
670,23.12067985534668,3,18414,92.06999969482422,2711.47021484375
671,2.8849968910217285,0,18414,92.06999969482422,2714.355224609375
672,9.339531898498535,8,18422,92.11000061035156,2723.69482421875
673,1.1731051206588745,0,18422,92.11000061035156,2724.867919921875
674,0.0002940499107353389,0,18422,92.11000061035156,2724.8681640625
675,0.5737279057502747,0,18422,92.11000061035156,2725.44189453125
676,0.0006270408630371094,0,18422,92.11000061035156,2725.442626953125
677,2.9271585941314697,0,18422,92.11000061035156,2728.369873046875
678,0.0003147125244140625,0,18422,92.11000061035156,2728.3701171875
679,0.4310669004917145,0,18422,92.11000061035156,2728.80126953125
680,0.00017642974853515625,0,18422,92.11000061035156,2728.801513671875
681,1.6463111639022827,0,18422,92.11000061035156,2730.44775390625
682,0.00020345051598269492,0,18422,92.11000061035156,2730.447998046875
683,2.106914520263672,0,18422,92.11000061035156,2732.554931640625
684,0.0003266334533691406,0,18422,92.11000061035156,2732.55517578125
685,1.0123083591461182,0,18422,92.11000061035156,2733.5673828125
686,0.0020734467543661594,0,18422,92.11000061035156,2733.5693359375
687,1.79154372215271,0,18422,92.11000061035156,2735.36083984375
688,9.775161015568301e-05,0,18422,92.11000061035156,2735.36083984375
689,2.7302262783050537,0,18422,92.11000061035156,2738.091064453125
690,0.0023468334693461657,0,18422,92.11000061035156,2738.093505859375
691,2.806783437728882,0,18422,92.11000061035156,2740.900390625
692,0.0001152356417151168,0,18422,92.11000061035156,2740.900390625
693,2.816394329071045,0,18422,92.11000061035156,2743.716796875
694,3.672617197036743,4,18426,92.12999725341797,2747.389404296875
695,2.4858484268188477,0,18426,92.12999725341797,2749.875244140625
696,0.0005541244754567742,0,18426,92.12999725341797,2749.875732421875
697,4.841240406036377,0,18426,92.12999725341797,2754.717041015625
698,15.267282485961914,2,18428,92.13999938964844,2769.984375
699,4.389608383178711,0,18428,92.13999938964844,2774.3740234375
700,15.692625999450684,0,18428,92.13999938964844,2790.066650390625
701,4.163580894470215,0,18428,92.13999938964844,2794.230224609375
702,22.770957946777344,7,18435,92.17500305175781,2817.001220703125
703,3.8362622261047363,0,18435,92.17500305175781,2820.83740234375
704,5.680267333984375,11,18446,92.22999572753906,2826.517578125
705,3.901441812515259,0,18446,92.22999572753906,2830.4189453125
706,0.000553131103515625,0,18446,92.22999572753906,2830.41943359375
707,1.4055811166763306,0,18446,92.22999572753906,2831.824951171875
708,5.959991455078125,0,18446,92.22999572753906,2837.784912109375
709,1.3818033933639526,0,18446,92.22999572753906,2839.166748046875
710,0.00019470849656499922,0,18446,92.22999572753906,2839.1669921875
711,0.7088529467582703,0,18446,92.22999572753906,2839.875732421875
712,0.0004911422729492188,0,18446,92.22999572753906,2839.876220703125
713,4.648490905761719,0,18446,92.22999572753906,2844.524658203125
714,7.539133071899414,5,18451,92.2550048828125,2852.063720703125
715,0.3026498556137085,0,18451,92.2550048828125,2852.366455078125
716,6.357952952384949e-05,0,18451,92.2550048828125,2852.366455078125
717,3.867786407470703,0,18451,92.2550048828125,2856.234130859375
718,3.546262502670288,2,18453,92.26499938964844,2859.7802734375
719,3.004411220550537,0,18453,92.26499938964844,2862.78466796875
720,12.370631217956543,10,18463,92.31500244140625,2875.1552734375
721,4.2909979820251465,0,18463,92.31500244140625,2879.4462890625
722,13.53242015838623,8,18471,92.3550033569336,2892.978759765625
723,3.82076358795166,0,18471,92.3550033569336,2896.799560546875
724,13.415812492370605,11,18482,92.40999603271484,2910.21533203125
725,2.5757105350494385,0,18482,92.40999603271484,2912.791015625
726,0.0005328513216227293,0,18482,92.40999603271484,2912.79150390625
727,4.787664890289307,0,18482,92.40999603271484,2917.5791015625
728,8.475943565368652,14,18496,92.47999572753906,2926.054931640625
729,2.965747833251953,0,18496,92.47999572753906,2929.020751953125
730,5.880497455596924,3,18499,92.49500274658203,2934.9013671875
731,1.8508312702178955,0,18499,92.49500274658203,2936.752197265625
732,0.04482216760516167,0,18499,92.49500274658203,2936.797119140625
733,0.4928576946258545,0,18499,92.49500274658203,2937.2900390625
734,0.0010162246180698276,0,18499,92.49500274658203,2937.291015625
735,2.3221516609191895,0,18499,92.49500274658203,2939.61328125
736,7.759327411651611,2,18501,92.5050048828125,2947.37255859375
737,2.710803508758545,0,18501,92.5050048828125,2950.083251953125
738,0.0004688898625317961,0,18501,92.5050048828125,2950.083740234375
739,1.190192699432373,0,18501,92.5050048828125,2951.27392578125
740,25.107872009277344,16,18517,92.58499908447266,2976.3818359375
741,1.4793407917022705,0,18517,92.58499908447266,2977.861083984375
742,0.000344717176631093,0,18517,92.58499908447266,2977.861328125
743,3.6026499271392822,0,18517,92.58499908447266,2981.4638671875
744,9.128658294677734,0,18517,92.58499908447266,2990.592529296875
745,2.0768332481384277,0,18517,92.58499908447266,2992.66943359375
746,16.15032958984375,0,18517,92.58499908447266,3008.81982421875
747,4.884154319763184,0,18517,92.58499908447266,3013.703857421875
748,16.004491806030273,0,18517,92.58499908447266,3029.708251953125
749,0.9316574931144714,0,18517,92.58499908447266,3030.639892578125
750,0.00013386222417466342,0,18517,92.58499908447266,3030.64013671875
751,4.584938049316406,0,18517,92.58499908447266,3035.22509765625
752,17.568870544433594,4,18521,92.6050033569336,3052.7939453125
753,0.42032375931739807,0,18521,92.6050033569336,3053.21435546875
754,0.00028332072542980313,0,18521,92.6050033569336,3053.214599609375
755,4.753329277038574,0,18521,92.6050033569336,3057.968017578125
756,23.457250595092773,12,18533,92.66500091552734,3081.42529296875
757,4.781546115875244,0,18533,92.66500091552734,3086.206787109375
758,20.414228439331055,43,18576,92.87999725341797,3106.62109375
759,1.9276808500289917,0,18576,92.87999725341797,3108.548828125
760,0.0001781185419531539,0,18576,92.87999725341797,3108.549072265625
761,1.1887621879577637,0,18576,92.87999725341797,3109.73779296875
762,8.786717808106914e-05,0,18576,92.87999725341797,3109.73779296875
763,2.222501039505005,0,18576,92.87999725341797,3111.960205078125
764,5.536326885223389,46,18622,93.11000061035156,3117.49658203125
765,2.217038631439209,0,18622,93.11000061035156,3119.713623046875
766,0.0012524923076853156,0,18622,93.11000061035156,3119.71484375
767,2.8251454830169678,0,18622,93.11000061035156,3122.5400390625
768,8.125024795532227,22,18644,93.22000122070312,3130.6650390625
769,3.4684700965881348,0,18644,93.22000122070312,3134.133544921875
770,28.170801162719727,76,18720,93.5999984741211,3162.304443359375
771,0.8998550176620483,0,18720,93.5999984741211,3163.204345703125
772,8.350491523742676,1,18721,93.6050033569336,3171.554931640625
773,3.9921326637268066,0,18721,93.6050033569336,3175.547119140625
774,0.18226481974124908,0,18721,93.6050033569336,3175.7294921875
775,2.6962649822235107,0,18721,93.6050033569336,3178.42578125
776,0.00032265979098156095,0,18721,93.6050033569336,3178.426025390625
777,4.679391860961914,0,18721,93.6050033569336,3183.10546875
778,22.542116165161133,33,18754,93.7699966430664,3205.647705078125
779,4.455687522888184,0,18754,93.7699966430664,3210.103271484375
780,19.49622344970703,28,18782,93.91000366210938,3229.599609375
781,4.146634101867676,0,18782,93.91000366210938,3233.746337890625
782,12.949695587158203,0,18782,93.91000366210938,3246.696044921875
783,3.1409177780151367,0,18782,93.91000366210938,3249.8369140625
784,5.2252702713012695,11,18793,93.96499633789062,3255.062255859375
785,3.287909984588623,0,18793,93.96499633789062,3258.35009765625
786,20.324569702148438,3,18796,93.9800033569336,3278.674560546875
787,3.3638901710510254,0,18796,93.9800033569336,3282.038330078125
788,2.7510318756103516,0,18796,93.9800033569336,3284.789306640625
789,0.2395559698343277,0,18796,93.9800033569336,3285.02880859375
790,0.00031391778611578047,0,18796,93.9800033569336,3285.029052734375
791,4.785549163818359,0,18796,93.9800033569336,3289.814697265625
792,2.7866077423095703,0,18796,93.9800033569336,3292.601318359375
793,0.870798647403717,0,18796,93.9800033569336,3293.47216796875
794,0.0009338060626760125,0,18796,93.9800033569336,3293.47314453125
795,0.14140616357326508,0,18796,93.9800033569336,3293.614501953125
796,0.0007232030038721859,0,18796,93.9800033569336,3293.615234375
797,3.0239744186401367,0,18796,93.9800033569336,3296.63916015625
798,0.0003178914193995297,0,18796,93.9800033569336,3296.639404296875
799,1.5854097604751587,0,18796,93.9800033569336,3298.224853515625
800,1.7860956192016602,0,18796,93.9800033569336,3300.010986328125
801,3.6914379596710205,0,18796,93.9800033569336,3303.702392578125
802,8.542133331298828,7,18803,94.01499938964844,3312.24462890625
803,4.687160491943359,0,18803,94.01499938964844,3316.931884765625
804,7.3068013191223145,1,18804,94.0199966430664,3324.23876953125
805,0.07532939314842224,0,18804,94.0199966430664,3324.314208984375
806,0.0003329915052745491,0,18804,94.0199966430664,3324.314453125
807,3.749528646469116,0,18804,94.0199966430664,3328.06396484375
808,0.4913282096385956,4,18808,94.04000091552734,3328.55517578125
809,0.6497217416763306,0,18808,94.04000091552734,3329.204833984375
810,0.0007692972430959344,0,18808,94.04000091552734,3329.20556640625
811,1.6142237186431885,0,18808,94.04000091552734,3330.81982421875
812,8.158875465393066,24,18832,94.16000366210938,3338.978759765625
813,0.17634637653827667,0,18832,94.16000366210938,3339.155029296875
814,0.0003136415034532547,0,18832,94.16000366210938,3339.1552734375
815,2.6323041915893555,0,18832,94.16000366210938,3341.78759765625
816,0.00041928805876523256,0,18832,94.16000366210938,3341.7880859375
817,2.988663673400879,0,18832,94.16000366210938,3344.77685546875
818,6.000458717346191,9,18841,94.20500183105469,3350.77734375
819,2.018970012664795,0,18841,94.20500183105469,3352.79638671875
820,0.00021934507822152227,0,18841,94.20500183105469,3352.796630859375
821,0.05308043584227562,0,18841,94.20500183105469,3352.849609375
822,0.00020424523972906172,0,18841,94.20500183105469,3352.849853515625
823,4.154738903045654,0,18841,94.20500183105469,3357.004638671875
824,19.00241470336914,11,18852,94.26000213623047,3376.007080078125
825,4.344933986663818,0,18852,94.26000213623047,3380.35205078125
826,13.069881439208984,0,18852,94.26000213623047,3393.421875
827,4.911633491516113,0,18852,94.26000213623047,3398.33349609375
828,13.399489402770996,1,18853,94.26499938964844,3411.73291015625
829,2.611504554748535,0,18853,94.26499938964844,3414.344482421875
830,0.0008368491544388235,0,18853,94.26499938964844,3414.34521484375
831,3.203850507736206,0,18853,94.26499938964844,3417.549072265625
832,0.00035762786865234375,0,18853,94.26499938964844,3417.54931640625
833,0.09824999421834946,0,18853,94.26499938964844,3417.6474609375
834,0.0004053115553688258,0,18853,94.26499938964844,3417.64794921875
835,2.650623083114624,0,18853,94.26499938964844,3420.298583984375
836,0.0003314018249511719,0,18853,94.26499938964844,3420.298828125
837,4.879118919372559,0,18853,94.26499938964844,3425.177978515625
838,16.284791946411133,21,18874,94.37000274658203,3441.462890625
839,1.483398675918579,0,18874,94.37000274658203,3442.9462890625
840,2.6166210174560547,5,18879,94.3949966430664,3445.56298828125
841,1.5394160747528076,0,18879,94.3949966430664,3447.102294921875
842,0.00041971603059209883,0,18879,94.3949966430664,3447.102783203125
843,3.8308701515197754,0,18879,94.3949966430664,3450.93359375
844,0.00525916600599885,0,18879,94.3949966430664,3450.93896484375
845,1.4163349866867065,0,18879,94.3949966430664,3452.355224609375
846,8.176336288452148,0,18879,94.3949966430664,3460.531494140625
847,1.4128109216690063,0,18879,94.3949966430664,3461.9443359375
848,2.045487053692341e-05,0,18879,94.3949966430664,3461.9443359375
849,4.398442268371582,0,18879,94.3949966430664,3466.3427734375
850,6.259793758392334,3,18882,94.41000366210938,3472.6025390625
851,4.727111339569092,0,18882,94.41000366210938,3477.32958984375
852,7.600442409515381,1,18883,94.41499328613281,3484.929931640625
853,4.050776481628418,0,18883,94.41499328613281,3488.980712890625
854,0.0009775161743164062,0,18883,94.41499328613281,3488.981689453125
855,2.3913934230804443,0,18883,94.41499328613281,3491.373046875
856,13.373075485229492,1,18884,94.41999816894531,3504.74609375
857,4.720425128936768,0,18884,94.41999816894531,3509.466552734375
858,15.979081153869629,21,18905,94.52499389648438,3525.445556640625
859,3.891803741455078,0,18905,94.52499389648438,3529.33740234375
860,7.134378433227539,19,18924,94.62000274658203,3536.4716796875
861,2.184117555618286,0,18924,94.62000274658203,3538.65576171875
862,12.526182174682617,0,18924,94.62000274658203,3551.181884765625
863,0.8811938166618347,0,18924,94.62000274658203,3552.06298828125
864,3.301951437606476e-05,0,18924,94.62000274658203,3552.06298828125
865,4.885265350341797,0,18924,94.62000274658203,3556.9482421875
866,12.463785171508789,2,18926,94.6300048828125,3569.412109375
867,1.998149037361145,0,18926,94.6300048828125,3571.41015625
868,0.0002106740139424801,0,18926,94.6300048828125,3571.410400390625
869,0.09419437497854233,0,18926,94.6300048828125,3571.504638671875
870,0.00023928443260956556,0,18926,94.6300048828125,3571.5048828125
871,2.0801029205322266,0,18926,94.6300048828125,3573.5849609375
872,0.00027190623222850263,0,18926,94.6300048828125,3573.585205078125
873,2.226508617401123,0,18926,94.6300048828125,3575.811767578125
874,0.00028931404813192785,0,18926,94.6300048828125,3575.81201171875
875,1.8020174503326416,0,18926,94.6300048828125,3577.614013671875
876,11.931209564208984,0,18926,94.6300048828125,3589.545166015625
877,1.5451477766036987,0,18926,94.6300048828125,3591.09033203125
878,2.6557865142822266,0,18926,94.6300048828125,3593.74609375
879,1.2233911752700806,0,18926,94.6300048828125,3594.969482421875
880,0.0007732709054835141,0,18926,94.6300048828125,3594.97021484375
881,1.288309097290039,0,18926,94.6300048828125,3596.258544921875
882,0.00012318292283453047,0,18926,94.6300048828125,3596.2587890625
883,2.3120522499084473,0,18926,94.6300048828125,3598.57080078125
884,0.0006524721393361688,0,18926,94.6300048828125,3598.571533203125
885,0.9918022751808167,0,18926,94.6300048828125,3599.563232421875
886,0.000171661376953125,0,18926,94.6300048828125,3599.5634765625
887,2.3375775814056396,0,18926,94.6300048828125,3601.901123046875
888,1.0979933738708496,0,18926,94.6300048828125,3602.9990234375
889,1.1228333711624146,0,18926,94.6300048828125,3604.121826171875
890,0.0001152356417151168,0,18926,94.6300048828125,3604.121826171875
891,3.78300142288208,0,18926,94.6300048828125,3607.90478515625
892,0.9560283422470093,0,18926,94.6300048828125,3608.86083984375
893,1.2312865257263184,0,18926,94.6300048828125,3610.092041015625
894,0.00012715657067019492,0,18926,94.6300048828125,3610.09228515625
895,3.538135051727295,0,18926,94.6300048828125,3613.63037109375
896,22.337055206298828,6,18932,94.66000366210938,3635.967529296875
897,2.225612163543701,0,18932,94.66000366210938,3638.193115234375
898,0.0003785990411415696,0,18932,94.66000366210938,3638.193603515625
899,2.837523937225342,0,18932,94.66000366210938,3641.031005859375
900,0.0004547337593976408,0,18932,94.66000366210938,3641.031494140625
901,4.353427410125732,0,18932,94.66000366210938,3645.385009765625
902,6.1034746170043945,5,18937,94.68499755859375,3651.488525390625
903,3.0159077644348145,0,18937,94.68499755859375,3654.50439453125
904,10.831584930419922,8,18945,94.7249984741211,3665.3359375
905,2.23358154296875,0,18945,94.7249984741211,3667.569580078125
906,0.00013471092097461224,0,18945,94.7249984741211,3667.56982421875
907,4.65175199508667,0,18945,94.7249984741211,3672.2216796875
908,12.501033782958984,1,18946,94.7300033569336,3684.72265625
909,0.6403564214706421,0,18946,94.7300033569336,3685.363037109375
910,0.00021139929594937712,0,18946,94.7300033569336,3685.36328125
911,4.721531867980957,0,18946,94.7300033569336,3690.084716796875
912,13.34323501586914,0,18946,94.7300033569336,3703.427978515625
913,0.16209366917610168,0,18946,94.7300033569336,3703.590087890625
914,0.0001799099991330877,0,18946,94.7300033569336,3703.59033203125
915,2.175215482711792,0,18946,94.7300033569336,3705.765625
916,0.0003976623120252043,0,18946,94.7300033569336,3705.76611328125
917,2.0529568195343018,0,18946,94.7300033569336,3707.819091796875
918,13.797205924987793,4,18950,94.75,3721.6162109375
919,3.449521780014038,0,18950,94.75,3725.065673828125
920,12.424161911010742,5,18955,94.77499389648438,3737.48974609375
921,0.1959429383277893,0,18955,94.77499389648438,3737.685791015625
922,0.0012574592838063836,0,18955,94.77499389648438,3737.68701171875
923,3.446654796600342,0,18955,94.77499389648438,3741.133544921875
924,0.00038166838930919766,0,18955,94.77499389648438,3741.134033203125
925,2.648542881011963,0,18955,94.77499389648438,3743.782470703125
926,19.73703384399414,30,18985,94.92499542236328,3763.51953125
927,1.427469253540039,0,18985,94.92499542236328,3764.947021484375
928,1.6708210750948638e-05,0,18985,94.92499542236328,3764.947021484375
929,4.790464401245117,0,18985,94.92499542236328,3769.737548828125
930,25.751813888549805,25,19010,95.05000305175781,3795.4892578125
931,4.667222023010254,0,19010,95.05000305175781,3800.156494140625
932,9.3936185836792,1,19011,95.05500030517578,3809.550048828125
933,2.431504487991333,0,19011,95.05500030517578,3811.9814453125
934,0.0009602308855392039,0,19011,95.05500030517578,3811.982421875
935,3.1315863132476807,0,19011,95.05500030517578,3815.114013671875
936,0.0002988179330714047,0,19011,95.05500030517578,3815.1142578125
937,0.4209350645542145,0,19011,95.05500030517578,3815.53515625
938,0.0005135933170095086,0,19011,95.05500030517578,3815.53564453125
939,4.812387943267822,0,19011,95.05500030517578,3820.34814453125
940,12.820027351379395,10,19021,95.10499572753906,3833.168212890625
941,1.4004846811294556,0,19021,95.10499572753906,3834.568603515625
942,2.2721927165985107,11,19032,95.16000366210938,3836.8408203125
943,1.0329902172088623,0,19032,95.16000366210938,3837.873779296875
944,7.70886690588668e-05,0,19032,95.16000366210938,3837.873779296875
945,0.49429774284362793,0,19032,95.16000366210938,3838.3681640625
946,0.00019868214440066367,0,19032,95.16000366210938,3838.368408203125
947,4.387588024139404,0,19032,95.16000366210938,3842.756103515625
948,26.85396957397461,3,19035,95.17499542236328,3869.610107421875
949,4.6407470703125,0,19035,95.17499542236328,3874.2509765625
950,24.489587783813477,1,19036,95.18000030517578,3898.740478515625
951,2.716442108154297,0,19036,95.18000030517578,3901.45703125
952,7.278970718383789,5,19041,95.20499420166016,3908.736083984375
953,3.471151351928711,0,19041,95.20499420166016,3912.207275390625
954,3.8638558387756348,23,19064,95.31999969482422,3916.071044921875
955,3.519562244415283,0,19064,95.31999969482422,3919.590576171875
956,0.23892304301261902,3,19067,95.33499908447266,3919.82958984375
957,4.714217662811279,0,19067,95.33499908447266,3924.543701171875
958,0.334445595741272,3,19070,95.3499984741211,3924.878173828125
959,3.0517337322235107,0,19070,95.3499984741211,3927.929931640625
960,15.697122573852539,4,19074,95.37000274658203,3943.626953125
961,3.269878625869751,0,19074,95.37000274658203,3946.896728515625
962,13.79738712310791,9,19083,95.41500091552734,3960.694091796875
963,1.3550423383712769,0,19083,95.41500091552734,3962.049072265625
964,0.0006213477463461459,0,19083,95.41500091552734,3962.0498046875
965,2.831127643585205,0,19083,95.41500091552734,3964.880859375
966,16.424541473388672,0,19083,95.41500091552734,3981.305419921875
967,3.947658061981201,0,19083,95.41500091552734,3985.253173828125
968,11.25528621673584,1,19084,95.42000579833984,3996.508544921875
969,1.3744089603424072,0,19084,95.42000579833984,3997.883056640625
970,2.7032454454456456e-05,0,19084,95.42000579833984,3997.883056640625
971,4.242973327636719,0,19084,95.42000579833984,4002.1259765625
972,20.578144073486328,3,19087,95.43499755859375,4022.7041015625
973,4.4587178230285645,0,19087,95.43499755859375,4027.162841796875
974,25.409467697143555,1,19088,95.44000244140625,4052.572265625
975,4.266268730163574,0,19088,95.44000244140625,4056.838623046875
976,9.202239036560059,0,19088,95.44000244140625,4066.040771484375
977,2.5399575233459473,0,19088,95.44000244140625,4068.580810546875
978,15.53028392791748,15,19103,95.51499938964844,4084.111083984375
979,0.5663942098617554,0,19103,95.51499938964844,4084.677490234375
980,0.0004962902166880667,0,19103,95.51499938964844,4084.677978515625
981,3.5763537883758545,0,19103,95.51499938964844,4088.25439453125
982,17.8402099609375,15,19118,95.59000396728516,4106.0947265625
983,0.44435614347457886,0,19118,95.59000396728516,4106.5390625
984,1.3113020941091236e-05,0,19118,95.59000396728516,4106.5390625
985,1.4269198179244995,0,19118,95.59000396728516,4107.9658203125
986,0.0003862380690407008,0,19118,95.59000396728516,4107.96630859375
987,0.9064412117004395,0,19118,95.59000396728516,4108.87255859375
988,0.0023086864966899157,0,19118,95.59000396728516,4108.875
989,2.945486068725586,0,19118,95.59000396728516,4111.8203125
990,0.00015060105943121016,0,19118,95.59000396728516,4111.8203125
991,3.2130916118621826,0,19118,95.59000396728516,4115.033203125
992,24.822566986083984,0,19118,95.59000396728516,4139.85595703125
993,2.868647336959839,0,19118,95.59000396728516,4142.724609375
994,0.0006675818585790694,0,19118,95.59000396728516,4142.72509765625
995,0.49096232652664185,0,19118,95.59000396728516,4143.2158203125
996,0.002079010009765625,0,19118,95.59000396728516,4143.2177734375
997,3.0289242267608643,0,19118,95.59000396728516,4146.24658203125
998,9.13623332977295,0,19118,95.59000396728516,4155.3828125
999,3.4599528312683105,0,19118,95.59000396728516,4158.8427734375
1000,1.7749439477920532,0,19118,95.59000396728516,4160.61767578125
1001,1.8049321174621582,0,19118,95.59000396728516,4162.4228515625
1002,8.225578308105469,0,19118,95.59000396728516,4170.6484375
1003,3.4139044284820557,0,19118,95.59000396728516,4174.0625
1004,2.8184828758239746,0,19118,95.59000396728516,4176.880859375
1005,2.9531822204589844,0,19118,95.59000396728516,4179.833984375
1006,0.6557059288024902,2,19120,95.5999984741211,4180.48974609375
1007,0.8315671682357788,0,19120,95.5999984741211,4181.3212890625
1008,0.0001700719294603914,0,19120,95.5999984741211,4181.3212890625
1009,2.7790141105651855,0,19120,95.5999984741211,4184.10009765625
1010,0.04127693176269531,0,19120,95.5999984741211,4184.1416015625
1011,2.434415578842163,0,19120,95.5999984741211,4186.576171875
1012,0.00040496388101018965,0,19120,95.5999984741211,4186.57666015625
1013,3.979651689529419,0,19120,95.5999984741211,4190.55615234375
1014,9.267090797424316,0,19120,95.5999984741211,4199.8232421875
1015,2.2428784370422363,0,19120,95.5999984741211,4202.06591796875
1016,13.472245216369629,1,19121,95.60499572753906,4215.5380859375
1017,1.3697025775909424,0,19121,95.60499572753906,4216.90771484375
1018,0.00045696893357671797,0,19121,95.60499572753906,4216.908203125
1019,4.441227436065674,0,19121,95.60499572753906,4221.349609375
1020,18.228742599487305,6,19127,95.63500213623047,4239.578125
1021,0.33240556716918945,0,19127,95.63500213623047,4239.91064453125
1022,0.0006913394317962229,0,19127,95.63500213623047,4239.9111328125
1023,0.890839159488678,0,19127,95.63500213623047,4240.8017578125
1024,0.00020859164942521602,0,19127,95.63500213623047,4240.8017578125
1025,4.753252029418945,0,19127,95.63500213623047,4245.55517578125
1026,18.555221557617188,2,19129,95.6449966430664,4264.1103515625
1027,0.10604854673147202,0,19129,95.6449966430664,4264.21630859375
1028,5.785711437056307e-06,0,19129,95.6449966430664,4264.21630859375
1029,1.831981897354126,0,19129,95.6449966430664,4266.04833984375
1030,0.0007828076486475766,0,19129,95.6449966430664,4266.04931640625
1031,4.897100448608398,0,19129,95.6449966430664,4270.9462890625
1032,2.7811615467071533,0,19129,95.6449966430664,4273.7275390625
1033,3.357637882232666,0,19129,95.6449966430664,4277.0849609375
1034,1.2578661441802979,0,19129,95.6449966430664,4278.3427734375
1035,2.0832128524780273,0,19129,95.6449966430664,4280.42578125
1036,0.000966787280049175,0,19129,95.6449966430664,4280.4267578125
1037,4.673183917999268,0,19129,95.6449966430664,4285.10009765625
1038,8.98402214050293,0,19129,95.6449966430664,4294.083984375
1039,0.8760631680488586,0,19129,95.6449966430664,4294.9599609375
1040,0.00014940896653570235,0,19129,95.6449966430664,4294.9599609375
1041,1.3172699213027954,0,19129,95.6449966430664,4296.27734375
1042,0.0001430511474609375,0,19129,95.6449966430664,4296.27734375
1043,2.015021800994873,0,19129,95.6449966430664,4298.29248046875
1044,15.247129440307617,0,19129,95.6449966430664,4313.53955078125
1045,0.5312274098396301,0,19129,95.6449966430664,4314.07080078125
1046,2.9393038857961074e-05,0,19129,95.6449966430664,4314.07080078125
1047,4.490067481994629,0,19129,95.6449966430664,4318.56103515625
1048,14.2091646194458,5,19134,95.67000579833984,4332.77001953125
1049,2.254737377166748,0,19134,95.67000579833984,4335.02490234375
1050,6.5030717849731445,0,19134,95.67000579833984,4341.52783203125
1051,2.6376686096191406,0,19134,95.67000579833984,4344.16552734375
1052,23.375730514526367,1,19135,95.67499542236328,4367.541015625
1053,0.5614684820175171,0,19135,95.67499542236328,4368.1025390625
1054,0.0004943259991705418,0,19135,95.67499542236328,4368.10302734375
1055,3.0559120178222656,0,19135,95.67499542236328,4371.1591796875
1056,0.0004617373051587492,0,19135,95.67499542236328,4371.15966796875
1057,1.4518629312515259,0,19135,95.67499542236328,4372.611328125
1058,8.921337127685547,0,19135,95.67499542236328,4381.53271484375
1059,0.9358394742012024,0,19135,95.67499542236328,4382.46875
1060,0.0003985565563198179,0,19135,95.67499542236328,4382.46923828125
1061,0.000760427734348923,0,19135,95.67499542236328,4382.47021484375
1062,0.0003987550444435328,0,19135,95.67499542236328,4382.470703125
1063,0.6421493291854858,0,19135,95.67499542236328,4383.11279296875
1064,0.0011054674396291375,0,19135,95.67499542236328,4383.11376953125
1065,0.8938573598861694,0,19135,95.67499542236328,4384.0078125
1066,13.628817558288574,1,19136,95.68000030517578,4397.63671875
1067,4.655003070831299,0,19136,95.68000030517578,4402.29150390625
1068,14.998821258544922,4,19140,95.70000457763672,4417.29052734375
1069,3.622199058532715,0,19140,95.70000457763672,4420.91259765625
1070,17.83571434020996,7,19147,95.73500061035156,4438.74853515625
1071,3.475144863128662,0,19147,95.73500061035156,4442.2236328125
1072,9.248111724853516,0,19147,95.73500061035156,4451.4716796875
1073,3.2294089794158936,0,19147,95.73500061035156,4454.701171875
1074,24.588722229003906,7,19154,95.77000427246094,4479.2900390625
1075,4.980630874633789,0,19154,95.77000427246094,4484.2705078125
1076,24.233699798583984,2,19156,95.77999877929688,4508.50439453125
1077,2.479060411453247,0,19156,95.77999877929688,4510.9833984375
1078,4.007782936096191,1,19157,95.78499603271484,4514.9912109375
1079,4.249820232391357,0,19157,95.78499603271484,4519.2412109375
1080,3.116426944732666,0,19157,95.78499603271484,4522.357421875
1081,1.2877691984176636,0,19157,95.78499603271484,4523.64501953125
1082,0.0005865097045898438,0,19157,95.78499603271484,4523.6455078125
1083,4.097473621368408,0,19157,95.78499603271484,4527.7431640625
1084,0.006642341148108244,0,19157,95.78499603271484,4527.75
1085,1.129697322845459,0,19157,95.78499603271484,4528.8798828125
1086,0.9482236504554749,0,19157,95.78499603271484,4529.828125
1087,3.9501092433929443,0,19157,95.78499603271484,4533.7783203125
1088,0.6001759171485901,0,19157,95.78499603271484,4534.37841796875
1089,2.479295492172241,0,19157,95.78499603271484,4536.85791015625
1090,0.0012318292865529656,0,19157,95.78499603271484,4536.859375
1091,3.442816734313965,0,19157,95.78499603271484,4540.30224609375
1092,9.505858421325684,2,19159,95.79499816894531,4549.80810546875
1093,0.6754885911941528,0,19159,95.79499816894531,4550.4833984375
1094,3.1828854844206944e-05,0,19159,95.79499816894531,4550.4833984375
1095,2.986659526824951,0,19159,95.79499816894531,4553.47021484375
1096,14.889519691467285,27,19186,95.93000030517578,4568.35986328125
1097,3.76271915435791,0,19186,95.93000030517578,4572.12255859375
1098,8.053646087646484,6,19192,95.95999908447266,4580.17626953125
1099,1.1834012269973755,0,19192,95.95999908447266,4581.35986328125
1100,8.265273208962753e-05,0,19192,95.95999908447266,4581.35986328125
1101,2.5456736087799072,0,19192,95.95999908447266,4583.90576171875
1102,0.0015306471614167094,0,19192,95.95999908447266,4583.9072265625
1103,4.118237495422363,0,19192,95.95999908447266,4588.025390625
1104,0.000943342805840075,0,19192,95.95999908447266,4588.0263671875
1105,3.9796111583709717,0,19192,95.95999908447266,4592.005859375
1106,0.0010720888385549188,0,19192,95.95999908447266,4592.0068359375
1107,0.7746421098709106,0,19192,95.95999908447266,4592.78125
1108,0.0003314018249511719,0,19192,95.95999908447266,4592.78173828125
1109,1.6604363918304443,0,19192,95.95999908447266,4594.4423828125
1110,8.900959801394492e-05,0,19192,95.95999908447266,4594.4423828125
1111,1.3155865669250488,0,19192,95.95999908447266,4595.7578125
1112,0.0002113977971021086,0,19192,95.95999908447266,4595.7578125
1113,3.5610718727111816,0,19192,95.95999908447266,4599.31884765625
1114,20.14043617248535,9,19201,96.00499725341797,4619.45947265625
1115,0.09129040688276291,0,19201,96.00499725341797,4619.55078125
1116,0.00014114489022176713,0,19201,96.00499725341797,4619.55078125
1117,2.6136720180511475,0,19201,96.00499725341797,4622.16455078125
1118,2.9187612533569336,7,19208,96.04000091552734,4625.08349609375
1119,4.550407886505127,0,19208,96.04000091552734,4629.6337890625
1120,7.164575576782227,0,19208,96.04000091552734,4636.79833984375
1121,1.1545323133468628,0,19208,96.04000091552734,4637.95263671875
1122,6.170598983764648,6,19214,96.06999969482422,4644.123046875
1123,3.3396072387695312,0,19214,96.06999969482422,4647.462890625
1124,0.024964014068245888,0,19214,96.06999969482422,4647.48779296875
1125,0.2190673053264618,0,19214,96.06999969482422,4647.70703125
1126,3.1769447326660156,0,19214,96.06999969482422,4650.8837890625
1127,0.8700860142707825,0,19214,96.06999969482422,4651.75390625
1128,0.0002646446228027344,0,19214,96.06999969482422,4651.75439453125
1129,4.2585272789001465,0,19214,96.06999969482422,4656.0126953125
1130,1.9368780851364136,0,19214,96.06999969482422,4657.94970703125
1131,1.8192743062973022,0,19214,96.06999969482422,4659.76904296875
1132,17.646657943725586,6,19220,96.10000610351562,4677.41552734375
1133,3.9536116123199463,0,19220,96.10000610351562,4681.369140625
1134,5.970673084259033,0,19220,96.10000610351562,4687.33984375
1135,4.812178611755371,0,19220,96.10000610351562,4692.15185546875
1136,6.225118160247803,10,19230,96.1500015258789,4698.376953125
1137,1.969607949256897,0,19230,96.1500015258789,4700.3466796875
1138,0.0003715357161127031,0,19230,96.1500015258789,4700.34716796875
1139,4.094579696655273,0,19230,96.1500015258789,4704.44189453125
1140,5.879212379455566,2,19232,96.16000366210938,4710.3212890625
1141,0.4041456878185272,0,19232,96.16000366210938,4710.7255859375
1142,0.0001927216799231246,0,19232,96.16000366210938,4710.7255859375
1143,3.865401268005371,0,19232,96.16000366210938,4714.5908203125
1144,17.529071807861328,4,19236,96.18000030517578,4732.1201171875
1145,2.563934087753296,0,19236,96.18000030517578,4734.68408203125
1146,7.077917575836182,0,19236,96.18000030517578,4741.76220703125
1147,4.141212463378906,0,19236,96.18000030517578,4745.9033203125
1148,19.262754440307617,6,19242,96.21000671386719,4765.166015625
1149,2.060488224029541,0,19242,96.21000671386719,4767.2265625
1150,0.0030295071192085743,0,19242,96.21000671386719,4767.2294921875
1151,3.490938901901245,0,19242,96.21000671386719,4770.72021484375
1152,0.00030040740966796875,0,19242,96.21000671386719,4770.720703125
1153,0.8492076396942139,0,19242,96.21000671386719,4771.56982421875
1154,0.0010625520953908563,0,19242,96.21000671386719,4771.57080078125
1155,3.7178714275360107,0,19242,96.21000671386719,4775.28857421875
1156,0.0006079673767089844,0,19242,96.21000671386719,4775.2890625
1157,3.8814802169799805,0,19242,96.21000671386719,4779.17041015625
1158,0.0016339619178324938,0,19242,96.21000671386719,4779.171875
1159,2.800076961517334,0,19242,96.21000671386719,4781.97216796875
1160,0.00013669331383425742,0,19242,96.21000671386719,4781.97216796875
1161,4.823933124542236,0,19242,96.21000671386719,4786.7958984375
1162,12.010013580322266,0,19242,96.21000671386719,4798.80615234375
1163,0.6894601583480835,0,19242,96.21000671386719,4799.49560546875
1164,0.0002467632293701172,0,19242,96.21000671386719,4799.49609375
1165,0.5762683749198914,0,19242,96.21000671386719,4800.072265625
1166,0.0005183616885915399,0,19242,96.21000671386719,4800.07275390625
1167,3.4295685291290283,0,19242,96.21000671386719,4803.50244140625
1168,0.0007559855584986508,0,19242,96.21000671386719,4803.50341796875
1169,4.0725321769714355,0,19242,96.21000671386719,4807.576171875
1170,26.574819564819336,1,19243,96.21499633789062,4834.15087890625
1171,3.691037893295288,0,19243,96.21499633789062,4837.841796875
1172,16.167097091674805,2,19245,96.2249984741211,4854.0087890625
1173,1.795418381690979,0,19245,96.2249984741211,4855.80419921875
1174,0.00040531856939196587,0,19245,96.2249984741211,4855.8046875
1175,4.16951847076416,0,19245,96.2249984741211,4859.97412109375
1176,3.4474990367889404,0,19245,96.2249984741211,4863.42138671875
1177,4.088439464569092,0,19245,96.2249984741211,4867.509765625
1178,17.712779998779297,0,19245,96.2249984741211,4885.22265625
1179,4.815891742706299,0,19245,96.2249984741211,4890.03857421875
1180,16.99199676513672,2,19247,96.23500061035156,4907.03076171875
1181,3.329930067062378,0,19247,96.23500061035156,4910.36083984375
1182,6.460468292236328,2,19249,96.24500274658203,4916.8212890625
1183,1.7761276960372925,0,19249,96.24500274658203,4918.59765625
1184,0.0014909107703715563,0,19249,96.24500274658203,4918.59912109375
1185,3.09614634513855,0,19249,96.24500274658203,4921.6953125
1186,9.108041763305664,1,19250,96.25,4930.80322265625
1187,3.0322000980377197,0,19250,96.25,4933.83544921875
1188,0.11588508635759354,0,19250,96.25,4933.951171875
1189,4.350734710693359,0,19250,96.25,4938.3017578125
1190,0.07001017779111862,0,19250,96.25,4938.37158203125
1191,4.107580184936523,0,19250,96.25,4942.47900390625
1192,0.046486746519804,0,19250,96.25,4942.525390625
1193,4.704001426696777,0,19250,96.25,4947.2294921875
1194,0.10532243549823761,0,19250,96.25,4947.3349609375
1195,3.922341823577881,0,19250,96.25,4951.25732421875
1196,0.00057220458984375,0,19250,96.25,4951.2578125
1197,4.567473888397217,0,19250,96.25,4955.8251953125
1198,17.781686782836914,2,19252,96.26000213623047,4973.60693359375
1199,3.080399990081787,0,19252,96.26000213623047,4976.6875
1200,13.733785629272461,1,19253,96.26499938964844,4990.42138671875
1201,4.195183277130127,0,19253,96.26499938964844,4994.61669921875
1202,15.768462181091309,1,19254,96.27000427246094,5010.38525390625
1203,0.7624839544296265,0,19254,96.27000427246094,5011.14794921875
1204,0.000226510179345496,0,19254,96.27000427246094,5011.14794921875
1205,4.431451320648193,0,19254,96.27000427246094,5015.57958984375
1206,13.676918029785156,0,19254,96.27000427246094,5029.25634765625
1207,4.058876991271973,0,19254,96.27000427246094,5033.3154296875
1208,8.493285179138184,0,19254,96.27000427246094,5041.80859375
1209,0.2937888205051422,0,19254,96.27000427246094,5042.1025390625
1210,5.8821991842705756e-05,0,19254,96.27000427246094,5042.1025390625
1211,1.9204578399658203,0,19254,96.27000427246094,5044.02294921875
1212,0.0017356871394440532,0,19254,96.27000427246094,5044.02490234375
1213,3.3353421688079834,0,19254,96.27000427246094,5047.3603515625
1214,9.079519271850586,0,19254,96.27000427246094,5056.43994140625
1215,1.051648736000061,0,19254,96.27000427246094,5057.49169921875
1216,0.44857317209243774,0,19254,96.27000427246094,5057.9404296875
1217,1.4790819883346558,0,19254,96.27000427246094,5059.41943359375
1218,0.0002304712834302336,0,19254,96.27000427246094,5059.41943359375
1219,3.025611400604248,0,19254,96.27000427246094,5062.44482421875
1220,0.0011889139423146844,0,19254,96.27000427246094,5062.44580078125
1221,4.933830261230469,0,19254,96.27000427246094,5067.37939453125
1222,0.1520608365535736,0,19254,96.27000427246094,5067.53125
1223,4.818639278411865,0,19254,96.27000427246094,5072.35009765625
1224,0.23797960579395294,0,19254,96.27000427246094,5072.587890625
1225,1.9595348834991455,0,19254,96.27000427246094,5074.54736328125
1226,4.609425741364248e-05,0,19254,96.27000427246094,5074.54736328125
1227,1.7659494876861572,0,19254,96.27000427246094,5076.3134765625
1228,0.0009965896606445312,0,19254,96.27000427246094,5076.314453125
1229,1.957486629486084,0,19254,96.27000427246094,5078.27197265625
1230,11.42399787902832,0,19254,96.27000427246094,5089.69580078125
1231,1.3178560733795166,0,19254,96.27000427246094,5091.013671875
1232,5.563100057770498e-05,0,19254,96.27000427246094,5091.013671875
1233,3.8359243869781494,0,19254,96.27000427246094,5094.849609375
1234,11.662368774414062,0,19254,96.27000427246094,5106.51220703125
1235,0.07640249282121658,0,19254,96.27000427246094,5106.58837890625
1236,0.00010514439782127738,0,19254,96.27000427246094,5106.58837890625
1237,1.9658794403076172,0,19254,96.27000427246094,5108.55419921875
1238,0.010972329415380955,0,19254,96.27000427246094,5108.56494140625
1239,1.2647244930267334,0,19254,96.27000427246094,5109.82958984375
1240,14.737594604492188,0,19254,96.27000427246094,5124.5673828125
1241,4.3580732345581055,0,19254,96.27000427246094,5128.92529296875
1242,15.718095779418945,0,19254,96.27000427246094,5144.6435546875
1243,0.6740546822547913,0,19254,96.27000427246094,5145.3173828125
1244,0.00012005437747575343,0,19254,96.27000427246094,5145.3173828125
1245,2.1155614852905273,0,19254,96.27000427246094,5147.43310546875
1246,6.142812728881836,3,19257,96.28499603271484,5153.57568359375
1247,2.8183398246765137,0,19257,96.28499603271484,5156.39404296875
1248,0.6195935010910034,0,19257,96.28499603271484,5157.013671875
1249,4.509091377258301,0,19257,96.28499603271484,5161.52294921875
1250,9.199457168579102,0,19257,96.28499603271484,5170.72216796875
1251,2.6943728923797607,0,19257,96.28499603271484,5173.41650390625
1252,25.05689239501953,1,19258,96.29000091552734,5198.4736328125
1253,4.691892623901367,0,19258,96.29000091552734,5203.16552734375
1254,25.80368423461914,0,19258,96.29000091552734,5228.96923828125
1255,4.717578411102295,0,19258,96.29000091552734,5233.68701171875
1256,21.373247146606445,2,19260,96.30000305175781,5255.06005859375
1257,3.302286386489868,0,19260,96.30000305175781,5258.3623046875
1258,0.000408389198128134,0,19260,96.30000305175781,5258.36279296875
1259,0.23870106041431427,0,19260,96.30000305175781,5258.6015625
1260,0.0005604486796073616,0,19260,96.30000305175781,5258.60205078125
1261,0.3753507733345032,0,19260,96.30000305175781,5258.9775390625
1262,0.0010756449773907661,0,19260,96.30000305175781,5258.978515625
1263,3.267099380493164,0,19260,96.30000305175781,5262.24560546875
1264,6.493975639343262,0,19260,96.30000305175781,5268.73974609375
1265,4.92152738571167,0,19260,96.30000305175781,5273.6611328125
1266,6.561276912689209,1,19261,96.30500030517578,5280.22216796875
1267,1.2503074407577515,0,19261,96.30500030517578,5281.47265625
1268,0.0005386156844906509,0,19261,96.30500030517578,5281.47314453125
1269,0.9095857739448547,0,19261,96.30500030517578,5282.3828125
1270,20.50287628173828,20,19281,96.40499877929688,5302.8857421875
1271,1.7155977487564087,0,19281,96.40499877929688,5304.6015625
1272,0.002137025585398078,0,19281,96.40499877929688,5304.603515625
1273,4.5050249099731445,0,19281,96.40499877929688,5309.1083984375
1274,7.7180399894714355,1,19282,96.41000366210938,5316.82666015625
1275,3.5848031044006348,0,19282,96.41000366210938,5320.41162109375
1276,20.846853256225586,0,19282,96.41000366210938,5341.25830078125
1277,0.08081897348165512,0,19282,96.41000366210938,5341.33935546875
1278,0.00017261241737287492,0,19282,96.41000366210938,5341.33935546875
1279,2.269787549972534,0,19282,96.41000366210938,5343.609375
1280,0.000468393147457391,0,19282,96.41000366210938,5343.60986328125
1281,1.530921220779419,0,19282,96.41000366210938,5345.140625
1282,2.166696071624756,0,19282,96.41000366210938,5347.30712890625
1283,4.7132062911987305,0,19282,96.41000366210938,5352.0205078125
1284,1.4580285549163818,0,19282,96.41000366210938,5353.478515625
1285,3.027406930923462,0,19282,96.41000366210938,5356.505859375
1286,17.66742515563965,0,19282,96.41000366210938,5374.17333984375
1287,0.33948543667793274,0,19282,96.41000366210938,5374.5126953125
1288,0.00010285231110174209,0,19282,96.41000366210938,5374.5126953125
1289,0.53081876039505,0,19282,96.41000366210938,5375.04345703125
1290,0.00024484386085532606,0,19282,96.41000366210938,5375.0439453125
1291,0.6295392513275146,0,19282,96.41000366210938,5375.67333984375
1292,8.07979449746199e-05,0,19282,96.41000366210938,5375.67333984375
1293,2.2527928352355957,0,19282,96.41000366210938,5377.92626953125
1294,0.0008047742303460836,0,19282,96.41000366210938,5377.92724609375
1295,3.1633732318878174,0,19282,96.41000366210938,5381.0908203125
1296,12.926183700561523,2,19284,96.41999816894531,5394.01708984375
1297,2.9628312587738037,0,19284,96.41999816894531,5396.97998046875
1298,0.00024636584566906095,0,19284,96.41999816894531,5396.98046875
1299,2.9250032901763916,0,19284,96.41999816894531,5399.9052734375
1300,22.324655532836914,0,19284,96.41999816894531,5422.22998046875
1301,0.5687881708145142,0,19284,96.41999816894531,5422.798828125
1302,0.0010379159357398748,0,19284,96.41999816894531,5422.7998046875
1303,2.505889892578125,0,19284,96.41999816894531,5425.3056640625
1304,0.00010808308434206992,0,19284,96.41999816894531,5425.3056640625
1305,4.3509745597839355,0,19284,96.41999816894531,5429.65673828125
1306,2.213690757751465,0,19284,96.41999816894531,5431.87060546875
1307,1.3824082612991333,0,19284,96.41999816894531,5433.2529296875
1308,7.417149066925049,0,19284,96.41999816894531,5440.669921875
1309,4.002288341522217,0,19284,96.41999816894531,5444.67236328125
1310,10.1441650390625,0,19284,96.41999816894531,5454.81640625
1311,2.7935025691986084,0,19284,96.41999816894531,5457.60986328125
1312,4.101583957672119,4,19288,96.44000244140625,5461.71142578125
1313,4.422550201416016,0,19288,96.44000244140625,5466.1337890625
1314,8.521251678466797,0,19288,96.44000244140625,5474.6552734375
1315,2.1003494262695312,0,19288,96.44000244140625,5476.755859375
1316,1.669292032602243e-05,0,19288,96.44000244140625,5476.755859375
1317,4.805701732635498,0,19288,96.44000244140625,5481.5615234375
1318,9.022668838500977,0,19288,96.44000244140625,5490.583984375
1319,4.845657825469971,0,19288,96.44000244140625,5495.4296875
1320,9.002154350280762,0,19288,96.44000244140625,5504.431640625
1321,3.4348154067993164,0,19288,96.44000244140625,5507.86669921875
1322,2.0516841411590576,0,19288,96.44000244140625,5509.91845703125
1323,2.349595785140991,0,19288,96.44000244140625,5512.26806640625
1324,0.0004323323373682797,0,19288,96.44000244140625,5512.2685546875
1325,1.7067131996154785,0,19288,96.44000244140625,5513.97509765625
1326,1.195355772972107,0,19288,96.44000244140625,5515.17041015625
1327,4.500547409057617,0,19288,96.44000244140625,5519.6708984375
1328,0.7245824337005615,0,19288,96.44000244140625,5520.3955078125
1329,0.11640425771474838,0,19288,96.44000244140625,5520.51171875
1330,0.00032216310501098633,0,19288,96.44000244140625,5520.51220703125
1331,3.5391602516174316,0,19288,96.44000244140625,5524.05126953125
1332,9.100947380065918,1,19289,96.44499969482422,5533.15234375
1333,4.536643981933594,0,19289,96.44499969482422,5537.68896484375
1334,9.090275764465332,0,19289,96.44499969482422,5546.779296875
1335,1.8629251718521118,0,19289,96.44499969482422,5548.64208984375
1336,0.0005563122685998678,0,19289,96.44499969482422,5548.642578125
1337,0.7532966136932373,0,19289,96.44499969482422,5549.39599609375
1338,0.004855791572481394,0,19289,96.44499969482422,5549.40087890625
1339,1.7561181783676147,0,19289,96.44499969482422,5551.1572265625
1340,0.00014066696166992188,0,19289,96.44499969482422,5551.1572265625
1341,4.411920547485352,0,19289,96.44499969482422,5555.5693359375
1342,22.772010803222656,0,19289,96.44499969482422,5578.34130859375
1343,2.4303293228149414,0,19289,96.44499969482422,5580.771484375
1344,3.616938352584839,0,19289,96.44499969482422,5584.38818359375
1345,4.618478775024414,0,19289,96.44499969482422,5589.0068359375
1346,2.960460662841797,0,19289,96.44499969482422,5591.96728515625
1347,3.0814990997314453,0,19289,96.44499969482422,5595.048828125
1348,23.565282821655273,0,19289,96.44499969482422,5618.6142578125
1349,4.4497199058532715,0,19289,96.44499969482422,5623.06396484375
1350,16.33540153503418,2,19291,96.45500183105469,5639.3994140625
1351,3.2378108501434326,0,19291,96.45500183105469,5642.63720703125
1352,4.824598789215088,4,19295,96.4749984741211,5647.4619140625
1353,3.18493914604187,0,19295,96.4749984741211,5650.64697265625
1354,0.8744001984596252,0,19295,96.4749984741211,5651.521484375
1355,4.625186443328857,0,19295,96.4749984741211,5656.146484375
1356,0.46806153655052185,0,19295,96.4749984741211,5656.61474609375
1357,3.0604658126831055,0,19295,96.4749984741211,5659.67529296875
1358,0.0003735224308911711,0,19295,96.4749984741211,5659.67578125
1359,2.0439279079437256,0,19295,96.4749984741211,5661.7197265625
1360,0.48591384291648865,0,19295,96.4749984741211,5662.20556640625
1361,1.4290144443511963,0,19295,96.4749984741211,5663.634765625
1362,0.0028204917907714844,0,19295,96.4749984741211,5663.6376953125
1363,1.506048321723938,0,19295,96.4749984741211,5665.1435546875
1364,0.00018517175340093672,0,19295,96.4749984741211,5665.1435546875
1365,2.9748637676239014,0,19295,96.4749984741211,5668.11865234375
1366,21.100406646728516,1,19296,96.4800033569336,5689.21923828125
1367,3.610529661178589,0,19296,96.4800033569336,5692.82958984375
1368,0.0008128478075377643,0,19296,96.4800033569336,5692.83056640625
1369,4.445108890533447,0,19296,96.4800033569336,5697.27587890625
1370,7.754138946533203,2,19298,96.49000549316406,5705.02978515625
1371,2.1298668384552,0,19298,96.49000549316406,5707.15966796875
1372,11.653637886047363,4,19302,96.51000213623047,5718.8134765625
1373,2.840008497238159,0,19302,96.51000213623047,5721.6533203125
1374,12.186899185180664,2,19304,96.52000427246094,5733.84033203125
1375,2.6532111167907715,0,19304,96.52000427246094,5736.49365234375
1376,9.800024032592773,4,19308,96.54000091552734,5746.29345703125
1377,0.28755778074264526,0,19308,96.54000091552734,5746.5810546875
1378,0.0001998772204387933,0,19308,96.54000091552734,5746.5810546875
1379,1.8491803407669067,0,19308,96.54000091552734,5748.43017578125
1380,0.00023961065744515508,0,19308,96.54000091552734,5748.43017578125
1381,0.07726309448480606,0,19308,96.54000091552734,5748.50732421875
1382,0.00021576879953499883,0,19308,96.54000091552734,5748.50732421875
1383,4.62920618057251,0,19308,96.54000091552734,5753.13671875
1384,12.3143949508667,0,19308,96.54000091552734,5765.451171875
1385,0.3651035726070404,0,19308,96.54000091552734,5765.81640625
1386,0.0005110104684717953,0,19308,96.54000091552734,5765.81689453125
1387,2.4518191814422607,0,19308,96.54000091552734,5768.2685546875
1388,0.00020345051598269492,0,19308,96.54000091552734,5768.2685546875
1389,2.666663646697998,0,19308,96.54000091552734,5770.93505859375
1390,0.0007025400409474969,0,19308,96.54000091552734,5770.935546875
1391,4.408045768737793,0,19308,96.54000091552734,5775.34375
1392,15.218862533569336,0,19308,96.54000091552734,5790.5625
1393,4.370797634124756,0,19308,96.54000091552734,5794.93310546875
1394,20.04283332824707,2,19310,96.55000305175781,5814.97607421875
1395,2.6252052783966064,0,19310,96.55000305175781,5817.60107421875
1396,0.0013303756713867188,0,19310,96.55000305175781,5817.6025390625
1397,0.7815216183662415,0,19310,96.55000305175781,5818.38427734375
1398,7.695798397064209,0,19310,96.55000305175781,5826.080078125
1399,2.6481568813323975,0,19310,96.55000305175781,5828.72802734375
1400,0.0021791462786495686,0,19310,96.55000305175781,5828.72998046875
1401,0.3739524781703949,0,19310,96.55000305175781,5829.10400390625
1402,0.0008169809589162469,0,19310,96.55000305175781,5829.10498046875
1403,1.2992488145828247,0,19310,96.55000305175781,5830.404296875
1404,2.0544378757476807,1,19311,96.55500030517578,5832.45849609375
1405,0.6551945805549622,0,19311,96.55500030517578,5833.11376953125
1406,0.00037193295429460704,0,19311,96.55500030517578,5833.1142578125
1407,3.3948729038238525,0,19311,96.55500030517578,5836.50927734375
1408,0.0011666615027934313,0,19311,96.55500030517578,5836.51025390625
1409,0.10704158246517181,0,19311,96.55500030517578,5836.6171875
1410,0.0015560785541310906,0,19311,96.55500030517578,5836.61865234375
1411,2.7698185443878174,0,19311,96.55500030517578,5839.388671875
1412,0.000133514404296875,0,19311,96.55500030517578,5839.388671875
1413,4.992739677429199,0,19311,96.55500030517578,5844.38134765625
1414,2.269385814666748,0,19311,96.55500030517578,5846.65087890625
1415,1.0390998125076294,0,19311,96.55500030517578,5847.68994140625
1416,0.00019629795860964805,0,19311,96.55500030517578,5847.68994140625
1417,3.8073370456695557,0,19311,96.55500030517578,5851.4970703125
1418,2.1942739486694336,0,19311,96.55500030517578,5853.69140625
1419,0.008651193231344223,0,19311,96.55500030517578,5853.7001953125
1420,0.00010093052696902305,0,19311,96.55500030517578,5853.7001953125
1421,0.13439762592315674,0,19311,96.55500030517578,5853.83447265625
1422,0.00013271966599859297,0,19311,96.55500030517578,5853.83447265625
1423,2.9273552894592285,0,19311,96.55500030517578,5856.76171875
1424,31.384288787841797,12,19323,96.61499786376953,5888.14599609375
1425,4.310130596160889,0,19323,96.61499786376953,5892.4560546875
1426,6.331366539001465,0,19323,96.61499786376953,5898.78759765625
1427,1.2464866638183594,0,19323,96.61499786376953,5900.0341796875
1428,0.001087188720703125,0,19323,96.61499786376953,5900.03515625
1429,4.807575702667236,0,19323,96.61499786376953,5904.8427734375
1430,3.0297985076904297,0,19323,96.61499786376953,5907.87255859375
1431,3.0482707023620605,0,19323,96.61499786376953,5910.9208984375
1432,0.5392655730247498,0,19323,96.61499786376953,5911.4599609375
1433,4.136950492858887,0,19323,96.61499786376953,5915.5966796875
1434,0.13874803483486176,0,19323,96.61499786376953,5915.7353515625
1435,0.674964189529419,0,19323,96.61499786376953,5916.41015625
1436,0.00015541911125183105,0,19323,96.61499786376953,5916.41015625
1437,4.140791416168213,0,19323,96.61499786376953,5920.55078125
1438,0.1274939924478531,0,19323,96.61499786376953,5920.67822265625
1439,2.543304920196533,0,19323,96.61499786376953,5923.2216796875
1440,23.286930084228516,0,19323,96.61499786376953,5946.5087890625
1441,3.9280879497528076,0,19323,96.61499786376953,5950.43701171875
1442,12.699015617370605,0,19323,96.61499786376953,5963.13623046875
1443,4.226669788360596,0,19323,96.61499786376953,5967.36279296875
1444,18.05242919921875,0,19323,96.61499786376953,5985.4150390625
1445,4.202881813049316,0,19323,96.61499786376953,5989.6181640625
1446,19.82966423034668,0,19323,96.61499786376953,6009.44775390625
1447,1.8088085651397705,0,19323,96.61499786376953,6011.25634765625
1448,0.0023023285903036594,0,19323,96.61499786376953,6011.2587890625
1449,2.3875532150268555,0,19323,96.61499786376953,6013.646484375
1450,12.968423843383789,8,19331,96.65499877929688,6026.61474609375
1451,0.4044318199157715,0,19331,96.65499877929688,6027.01904296875
1452,0.0006580352783203125,0,19331,96.65499877929688,6027.01953125
1453,3.3355019092559814,0,19331,96.65499877929688,6030.35498046875
1454,0.0005110104684717953,0,19331,96.65499877929688,6030.35546875
1455,1.8530606031417847,0,19331,96.65499877929688,6032.20849609375
1456,5.722045534639619e-05,0,19331,96.65499877929688,6032.20849609375
1457,1.1563680171966553,0,19331,96.65499877929688,6033.36474609375
1458,0.00020662942552007735,0,19331,96.65499877929688,6033.36474609375
1459,0.8508135080337524,0,19331,96.65499877929688,6034.21533203125
1460,0.0006389617919921875,0,19331,96.65499877929688,6034.2158203125
1461,3.7431955337524414,0,19331,96.65499877929688,6037.958984375
1462,0.0010418891906738281,0,19331,96.65499877929688,6037.9599609375
1463,3.3185787200927734,0,19331,96.65499877929688,6041.2783203125
1464,16.00107192993164,2,19333,96.66500091552734,6057.279296875
1465,0.2108263075351715,0,19333,96.66500091552734,6057.490234375
1466,0.0001184572174679488,0,19333,96.66500091552734,6057.490234375
1467,1.260166049003601,0,19333,96.66500091552734,6058.75048828125
1468,0.000705718994140625,0,19333,96.66500091552734,6058.7509765625
1469,2.4592385292053223,0,19333,96.66500091552734,6061.21044921875
1470,0.00014702478074468672,0,19333,96.66500091552734,6061.21044921875
1471,2.7605912685394287,0,19333,96.66500091552734,6063.97119140625
1472,11.457573890686035,0,19333,96.66500091552734,6075.4287109375
1473,3.0678794384002686,0,19333,96.66500091552734,6078.49658203125
1474,21.469602584838867,0,19333,96.66500091552734,6099.96630859375
1475,2.443302869796753,0,19333,96.66500091552734,6102.40966796875
1476,0.00022749105119146407,0,19333,96.66500091552734,6102.40966796875
1477,0.2823163866996765,0,19333,96.66500091552734,6102.69189453125
1478,0.00014940896653570235,0,19333,96.66500091552734,6102.69189453125
1479,0.8763716816902161,0,19333,96.66500091552734,6103.568359375
1480,4.331270611146465e-05,0,19333,96.66500091552734,6103.568359375
1481,2.762627363204956,0,19333,96.66500091552734,6106.3310546875
1482,1.783042311668396,0,19333,96.66500091552734,6108.1142578125
1483,1.20125412940979,0,19333,96.66500091552734,6109.3154296875
1484,0.00016530354332644492,0,19333,96.66500091552734,6109.3154296875
1485,4.58492374420166,0,19333,96.66500091552734,6113.900390625
1486,25.299171447753906,0,19333,96.66500091552734,6139.19970703125
1487,1.4935096502304077,0,19333,96.66500091552734,6140.693359375
1488,1.7836756706237793,0,19333,96.66500091552734,6142.47705078125
1489,2.6045331954956055,0,19333,96.66500091552734,6145.08154296875
1490,17.940587997436523,1,19334,96.66999816894531,6163.02197265625
1491,0.5275224447250366,0,19334,96.66999816894531,6163.54931640625
1492,5.56256745767314e-05,0,19334,96.66999816894531,6163.54931640625
1493,2.5893304347991943,0,19334,96.66999816894531,6166.138671875
1494,0.003071512095630169,0,19334,96.66999816894531,6166.1416015625
1495,0.9145877361297607,0,19334,96.66999816894531,6167.05615234375
1496,0.0004096438060514629,0,19334,96.66999816894531,6167.056640625
1497,3.844639778137207,0,19334,96.66999816894531,6170.9013671875
1498,0.007711200043559074,0,19334,96.66999816894531,6170.9091796875
1499,0.14535552263259888,0,19334,96.66999816894531,6171.0546875
1500,17.411863327026367,1,19335,96.67500305175781,6188.46630859375
1501,0.5490265488624573,0,19335,96.67500305175781,6189.01513671875
1502,0.0002892811899073422,0,19335,96.67500305175781,6189.015625
1503,4.910892963409424,0,19335,96.67500305175781,6193.9267578125
1504,11.381821632385254,13,19348,96.73999786376953,6205.30859375
1505,1.0673115253448486,0,19348,96.73999786376953,6206.3759765625
1506,4.148605057707755e-06,0,19348,96.73999786376953,6206.3759765625
1507,0.8664144277572632,0,19348,96.73999786376953,6207.2421875
1508,0.00019649663590826094,0,19348,96.73999786376953,6207.2421875
1509,1.3906776905059814,0,19348,96.73999786376953,6208.6328125
1510,0.00011831521260319278,0,19348,96.73999786376953,6208.6328125
1511,4.126227855682373,0,19348,96.73999786376953,6212.75927734375
1512,3.7071428298950195,5,19353,96.76499938964844,6216.46630859375
1513,4.312533855438232,0,19353,96.76499938964844,6220.77880859375
1514,3.252455234527588,4,19357,96.78500366210938,6224.03125
1515,3.723025321960449,0,19357,96.78500366210938,6227.75439453125
1516,5.950085163116455,0,19357,96.78500366210938,6233.70458984375
1517,1.038381814956665,0,19357,96.78500366210938,6234.7431640625
1518,0.0004788239602930844,0,19357,96.78500366210938,6234.74365234375
1519,3.520655393600464,0,19357,96.78500366210938,6238.26416015625
1520,0.0010013580322265625,0,19357,96.78500366210938,6238.26513671875
1521,4.033610820770264,0,19357,96.78500366210938,6242.298828125
1522,0.0011344749946147203,0,19357,96.78500366210938,6242.2998046875
1523,1.5668833255767822,0,19357,96.78500366210938,6243.86669921875
1524,0.00010331471276003867,0,19357,96.78500366210938,6243.86669921875
1525,2.0073189735412598,0,19357,96.78500366210938,6245.8740234375
1526,0.03667791560292244,0,19357,96.78500366210938,6245.91064453125
1527,1.5828605890274048,0,19357,96.78500366210938,6247.49365234375
1528,1.9246450662612915,6,19363,96.81500244140625,6249.41845703125
1529,1.3917633295059204,0,19363,96.81500244140625,6250.81005859375
1530,8.182584762573242,26,19389,96.94499969482422,6258.99267578125
1531,0.06626231968402863,0,19389,96.94499969482422,6259.05908203125
1532,0.001321037532761693,0,19389,96.94499969482422,6259.060546875
1533,0.685851514339447,0,19389,96.94499969482422,6259.74658203125
1534,13.103779792785645,0,19389,96.94499969482422,6272.8505859375
1535,4.677512168884277,0,19389,96.94499969482422,6277.5283203125
1536,14.16211223602295,0,19389,96.94499969482422,6291.6904296875
1537,3.2912957668304443,0,19389,96.94499969482422,6294.98193359375
1538,0.0015615472802892327,0,19389,96.94499969482422,6294.9833984375
1539,2.5982484817504883,0,19389,96.94499969482422,6297.58154296875
1540,9.30808819248341e-05,0,19389,96.94499969482422,6297.58154296875
1541,3.0646214485168457,0,19389,96.94499969482422,6300.64599609375
1542,10.375887870788574,4,19393,96.96499633789062,6311.02197265625
1543,2.815519332885742,0,19393,96.96499633789062,6313.83740234375
1544,19.1088809967041,0,19393,96.96499633789062,6332.9462890625
1545,2.105738878250122,0,19393,96.96499633789062,6335.05224609375
1546,0.0008996327524073422,0,19393,96.96499633789062,6335.05322265625
1547,3.2445333003997803,0,19393,96.96499633789062,6338.2978515625
1548,15.859582901000977,1,19394,96.97000122070312,6354.1572265625
1549,0.6603335738182068,0,19394,96.97000122070312,6354.8173828125
1550,0.0005718072061426938,0,19394,96.97000122070312,6354.81787109375
1551,3.6501691341400146,0,19394,96.97000122070312,6358.46826171875
1552,8.55610466003418,0,19394,96.97000122070312,6367.0244140625
1553,1.1776349544525146,0,19394,96.97000122070312,6368.2021484375
1554,0.0001087575510609895,0,19394,96.97000122070312,6368.2021484375
1555,0.10038252919912338,0,19394,96.97000122070312,6368.302734375
1556,8.547864854335785e-05,0,19394,96.97000122070312,6368.302734375
1557,1.8816897869110107,0,19394,96.97000122070312,6370.1845703125
1558,0.0024134116247296333,0,19394,96.97000122070312,6370.18701171875
1559,1.4051448106765747,0,19394,96.97000122070312,6371.59228515625
1560,0.00020482190302573144,0,19394,96.97000122070312,6371.59228515625
1561,1.4877972602844238,0,19394,96.97000122070312,6373.080078125
1562,0.00013445365766528994,0,19394,96.97000122070312,6373.080078125
1563,2.1821367740631104,0,19394,96.97000122070312,6375.26220703125
1564,8.476634979248047,1,19395,96.9749984741211,6383.73876953125
1565,3.0773792266845703,0,19395,96.9749984741211,6386.81591796875
1566,6.213001728057861,0,19395,96.9749984741211,6393.02880859375
1567,1.927959680557251,0,19395,96.9749984741211,6394.95654296875
1568,0.00247955322265625,0,19395,96.9749984741211,6394.958984375
1569,2.9287562370300293,0,19395,96.9749984741211,6397.8876953125
1570,10.308060646057129,0,19395,96.9749984741211,6408.19580078125
1571,1.3916995525360107,0,19395,96.9749984741211,6409.58740234375
1572,11.886322975158691,3,19398,96.98999786376953,6421.4736328125
1573,3.7213921546936035,0,19398,96.98999786376953,6425.19482421875
1574,12.358272552490234,0,19398,96.98999786376953,6437.55322265625
1575,1.2309503555297852,0,19398,96.98999786376953,6438.7841796875
1576,0.0003723351110238582,0,19398,96.98999786376953,6438.78466796875
1577,2.5832154750823975,0,19398,96.98999786376953,6441.36767578125
1578,0.00033338862704113126,0,19398,96.98999786376953,6441.3681640625
1579,4.305494785308838,0,19398,96.98999786376953,6445.673828125
1580,10.852943420410156,4,19402,97.01000213623047,6456.52685546875
1581,3.5320560932159424,0,19402,97.01000213623047,6460.05908203125
1582,7.917582035064697,4,19406,97.02999877929688,6467.9765625
1583,2.070488691329956,0,19406,97.02999877929688,6470.046875
1584,10.685593605041504,0,19406,97.02999877929688,6480.732421875
1585,3.109858751296997,0,19406,97.02999877929688,6483.84228515625
1586,0.670127272605896,3,19409,97.04499816894531,6484.51220703125
1587,2.67341947555542,0,19409,97.04499816894531,6487.185546875
1588,0.00029643374728038907,0,19409,97.04499816894531,6487.18603515625
1589,2.7743349075317383,0,19409,97.04499816894531,6489.96044921875
1590,0.8782317042350769,0,19409,97.04499816894531,6490.8388671875
1591,1.705586552619934,0,19409,97.04499816894531,6492.54443359375
1592,9.02612018585205,0,19409,97.04499816894531,6501.5703125
1593,4.055617809295654,0,19409,97.04499816894531,6505.6259765625
1594,15.961588859558105,0,19409,97.04499816894531,6521.58740234375
1595,4.580920696258545,0,19409,97.04499816894531,6526.16845703125
1596,14.936171531677246,0,19409,97.04499816894531,6541.1044921875
1597,0.15045768022537231,0,19409,97.04499816894531,6541.2548828125
1598,0.0005429983139038086,0,19409,97.04499816894531,6541.25537109375
1599,3.5624263286590576,0,19409,97.04499816894531,6544.81787109375
1600,0.0009055932168848813,0,19409,97.04499816894531,6544.81884765625
1601,1.4808927774429321,0,19409,97.04499816894531,6546.2998046875
1602,9.854634117800742e-05,0,19409,97.04499816894531,6546.2998046875
1603,3.93713641166687,0,19409,97.04499816894531,6550.23681640625
1604,20.460037231445312,0,19409,97.04499816894531,6570.69677734375
1605,3.055957317352295,0,19409,97.04499816894531,6573.7529296875
1606,12.274175643920898,0,19409,97.04499816894531,6586.02734375
1607,1.0838435888290405,0,19409,97.04499816894531,6587.111328125
1608,0.002066095592454076,0,19409,97.04499816894531,6587.11328125
1609,1.6446328163146973,0,19409,97.04499816894531,6588.7578125
1610,0.0001323223114013672,0,19409,97.04499816894531,6588.7578125
1611,0.27121657133102417,0,19409,97.04499816894531,6589.02880859375
1612,0.00020364919328130782,0,19409,97.04499816894531,6589.02880859375
1613,0.6527255177497864,0,19409,97.04499816894531,6589.681640625
1614,4.629293835023418e-05,0,19409,97.04499816894531,6589.681640625
1615,3.123558521270752,0,19409,97.04499816894531,6592.80517578125
1616,0.9457676410675049,0,19409,97.04499816894531,6593.7509765625
1617,3.164773941040039,0,19409,97.04499816894531,6596.91552734375
1618,11.088531494140625,3,19412,97.05999755859375,6608.00390625
1619,0.4139925539493561,0,19412,97.05999755859375,6608.41796875
1620,0.00012715905904769897,0,19412,97.05999755859375,6608.41796875
1621,2.9050943851470947,0,19412,97.05999755859375,6611.3232421875
1622,0.003038247348740697,0,19412,97.05999755859375,6611.326171875
1623,0.044474776834249496,0,19412,97.05999755859375,6611.37060546875
1624,0.002414385322481394,0,19412,97.05999755859375,6611.373046875
1625,2.5501058101654053,0,19412,97.05999755859375,6613.92333984375
1626,15.753971099853516,0,19412,97.05999755859375,6629.67724609375
1627,0.16195516288280487,0,19412,97.05999755859375,6629.83935546875
1628,2.2478318442153977e-06,0,19412,97.05999755859375,6629.83935546875
1629,1.4541373252868652,0,19412,97.05999755859375,6631.29345703125
1630,0.00042756396578624845,0,19412,97.05999755859375,6631.2939453125
1631,3.0840647220611572,0,19412,97.05999755859375,6634.3779296875
1632,0.0005515416269190609,0,19412,97.05999755859375,6634.37841796875
1633,4.443219184875488,0,19412,97.05999755859375,6638.82177734375
1634,28.680484771728516,0,19412,97.05999755859375,6667.50244140625
1635,4.643172740936279,0,19412,97.05999755859375,6672.1455078125
1636,25.569265365600586,0,19412,97.05999755859375,6697.71484375
1637,3.3827922344207764,0,19412,97.05999755859375,6701.09765625
1638,16.78946876525879,1,19413,97.06500244140625,6717.88720703125
1639,0.43008676171302795,0,19413,97.06500244140625,6718.3173828125
1640,0.00023682918981648982,0,19413,97.06500244140625,6718.3173828125
1641,1.7106029987335205,0,19413,97.06500244140625,6720.02783203125
1642,0.0001637140812817961,0,19413,97.06500244140625,6720.02783203125
1643,4.282652854919434,0,19413,97.06500244140625,6724.310546875
1644,15.666288375854492,0,19413,97.06500244140625,6739.97705078125
1645,1.1943936347961426,0,19413,97.06500244140625,6741.17138671875
1646,0.0003059746231883764,0,19413,97.06500244140625,6741.171875
1647,1.4702808856964111,0,19413,97.06500244140625,6742.64208984375
1648,15.066817283630371,0,19413,97.06500244140625,6757.708984375
1649,2.8942484855651855,0,19413,97.06500244140625,6760.60302734375
1650,13.291921615600586,0,19413,97.06500244140625,6773.89501953125
1651,4.367770671844482,0,19413,97.06500244140625,6778.2626953125
1652,6.651836395263672,8,19421,97.1050033569336,6784.91455078125
1653,4.170067310333252,0,19421,97.1050033569336,6789.08447265625
1654,19.931190490722656,0,19421,97.1050033569336,6809.015625
1655,2.813455820083618,0,19421,97.1050033569336,6811.8291015625
1656,0.003031293861567974,0,19421,97.1050033569336,6811.83203125
1657,1.0011159181594849,0,19421,97.1050033569336,6812.8330078125
1658,0.0003657738270703703,0,19421,97.1050033569336,6812.83349609375
1659,4.247796058654785,0,19421,97.1050033569336,6817.0810546875
1660,0.595855712890625,0,19421,97.1050033569336,6817.6767578125
1661,4.134861946105957,0,19421,97.1050033569336,6821.8115234375
1662,9.356399536132812,0,19421,97.1050033569336,6831.16796875
1663,3.129254102706909,0,19421,97.1050033569336,6834.29736328125
1664,9.32723331451416,0,19421,97.1050033569336,6843.62451171875
1665,0.10090351849794388,0,19421,97.1050033569336,6843.7255859375
1666,0.0011279027676209807,0,19421,97.1050033569336,6843.7265625
1667,4.045257568359375,0,19421,97.1050033569336,6847.77197265625
1668,0.0010324030881747603,0,19421,97.1050033569336,6847.77294921875
1669,0.28842103481292725,0,19421,97.1050033569336,6848.0615234375
1670,0.0006193036097101867,0,19421,97.1050033569336,6848.06201171875
1671,1.442431926727295,0,19421,97.1050033569336,6849.50439453125
1672,9.075121879577637,0,19421,97.1050033569336,6858.57958984375
1673,2.3277459144592285,0,19421,97.1050033569336,6860.9072265625
1674,7.8927459716796875,0,19421,97.1050033569336,6868.7998046875
1675,2.6245570182800293,0,19421,97.1050033569336,6871.42431640625
1676,14.563055992126465,1,19422,97.11000061035156,6885.9873046875
1677,1.7831809520721436,0,19422,97.11000061035156,6887.7705078125
1678,5.7449631690979,0,19422,97.11000061035156,6893.515625
1679,1.2878761291503906,0,19422,97.11000061035156,6894.8037109375
1680,0.00040097362943924963,0,19422,97.11000061035156,6894.80419921875
1681,2.0792078971862793,0,19422,97.11000061035156,6896.88330078125
1682,8.46517562866211,0,19422,97.11000061035156,6905.3486328125
1683,2.0272884368896484,0,19422,97.11000061035156,6907.3759765625
1684,0.054272014647722244,0,19422,97.11000061035156,6907.43017578125
1685,2.8920681476593018,0,19422,97.11000061035156,6910.322265625
1686,8.58306884765625e-05,0,19422,97.11000061035156,6910.322265625
1687,2.0434939861297607,0,19422,97.11000061035156,6912.36572265625
1688,0.0005571047076955438,0,19422,97.11000061035156,6912.3662109375
1689,2.5091514587402344,0,19422,97.11000061035156,6914.87548828125
1690,4.933053970336914,0,19422,97.11000061035156,6919.80859375
1691,1.3259646892547607,0,19422,97.11000061035156,6921.134765625
1692,6.914138793945312e-05,0,19422,97.11000061035156,6921.134765625
1693,3.6236581802368164,0,19422,97.11000061035156,6924.75830078125
1694,6.315749168395996,0,19422,97.11000061035156,6931.07421875
1695,0.15587325394153595,0,19422,97.11000061035156,6931.22998046875
1696,8.205452468246222e-05,0,19422,97.11000061035156,6931.22998046875
1697,2.939220428466797,0,19422,97.11000061035156,6934.16943359375
1698,8.46945571899414,0,19422,97.11000061035156,6942.638671875
1699,2.345503330230713,0,19422,97.11000061035156,6944.984375
1700,0.0008292014827020466,0,19422,97.11000061035156,6944.9853515625
1701,0.40120378136634827,0,19422,97.11000061035156,6945.38671875
1702,0.00045150515506975353,0,19422,97.11000061035156,6945.38720703125
1703,4.9425048828125,0,19422,97.11000061035156,6950.32958984375
1704,14.847063064575195,0,19422,97.11000061035156,6965.1767578125
1705,4.901638984680176,0,19422,97.11000061035156,6970.07861328125
1706,13.802560806274414,0,19422,97.11000061035156,6983.88134765625
1707,3.58126163482666,0,19422,97.11000061035156,6987.46240234375
1708,0.0020984807051718235,0,19422,97.11000061035156,6987.46435546875
1709,0.946769654750824,0,19422,97.11000061035156,6988.4111328125
1710,11.312289237976074,0,19422,97.11000061035156,6999.7236328125
1711,4.597206115722656,0,19422,97.11000061035156,7004.32080078125
1712,19.326467514038086,0,19422,97.11000061035156,7023.6474609375
1713,0.3604639768600464,0,19422,97.11000061035156,7024.0078125
1714,0.00014543533325195312,0,19422,97.11000061035156,7024.0078125
1715,1.5509530305862427,0,19422,97.11000061035156,7025.55859375
1716,0.0017754236469045281,0,19422,97.11000061035156,7025.560546875
1717,1.8807183504104614,0,19422,97.11000061035156,7027.44140625
1718,2.297126054763794,0,19422,97.11000061035156,7029.73876953125
1719,1.201869249343872,0,19422,97.11000061035156,7030.9404296875
1720,8.185704064089805e-05,0,19422,97.11000061035156,7030.9404296875
1721,2.188579797744751,0,19422,97.11000061035156,7033.12890625
1722,0.000714460969902575,0,19422,97.11000061035156,7033.12939453125
1723,4.64351749420166,0,19422,97.11000061035156,7037.77294921875
1724,17.46509552001953,4,19426,97.12999725341797,7055.23828125
1725,4.832318305969238,0,19426,97.12999725341797,7060.07080078125
1726,19.10922622680664,0,19426,97.12999725341797,7079.18017578125
1727,0.8641661405563354,0,19426,97.12999725341797,7080.04443359375
1728,0.00015577490557916462,0,19426,97.12999725341797,7080.04443359375
1729,2.1166906356811523,0,19426,97.12999725341797,7082.1611328125
1730,13.729537010192871,0,19426,97.12999725341797,7095.890625
1731,2.108738422393799,0,19426,97.12999725341797,7097.99951171875
1732,9.299512748839334e-05,0,19426,97.12999725341797,7097.99951171875
1733,1.9531965255737305,0,19426,97.12999725341797,7099.95263671875
1734,0.00047284961328841746,0,19426,97.12999725341797,7099.953125
1735,3.137242317199707,0,19426,97.12999725341797,7103.09033203125
1736,16.08445167541504,0,19426,97.12999725341797,7119.1748046875
1737,4.353271484375,0,19426,97.12999725341797,7123.5283203125
1738,21.82093048095703,0,19426,97.12999725341797,7145.34912109375
1739,4.2454657554626465,0,19426,97.12999725341797,7149.5947265625
1740,20.889862060546875,1,19427,97.13500213623047,7170.484375
1741,2.4520468711853027,0,19427,97.13500213623047,7172.9365234375
1742,0.0004744529433082789,0,19427,97.13500213623047,7172.93701171875
1743,3.7361881732940674,0,19427,97.13500213623047,7176.67333984375
1744,0.001817544223740697,0,19427,97.13500213623047,7176.67529296875
1745,3.8082499504089355,0,19427,97.13500213623047,7180.4833984375
1746,19.23165512084961,0,19427,97.13500213623047,7199.71484375
1747,2.1702215671539307,0,19427,97.13500213623047,7201.88525390625
1748,0.00015417870599776506,0,19427,97.13500213623047,7201.88525390625
1749,2.5140938758850098,0,19427,97.13500213623047,7204.3994140625
1750,5.995816230773926,0,19427,97.13500213623047,7210.39501953125
1751,1.488799810409546,0,19427,97.13500213623047,7211.8837890625
1752,0.00017921128892339766,0,19427,97.13500213623047,7211.8837890625
1753,0.5469129681587219,0,19427,97.13500213623047,7212.4306640625
1754,5.0266582547919825e-05,0,19427,97.13500213623047,7212.4306640625
1755,1.6273152828216553,0,19427,97.13500213623047,7214.05810546875
1756,0.000397562951548025,0,19427,97.13500213623047,7214.05859375
1757,0.4464685916900635,0,19427,97.13500213623047,7214.5048828125
1758,0.00022431214165408164,0,19427,97.13500213623047,7214.5048828125
1759,3.8826377391815186,0,19427,97.13500213623047,7218.3876953125
1760,8.550081253051758,0,19427,97.13500213623047,7226.93798828125
1761,3.104492425918579,0,19427,97.13500213623047,7230.04248046875
1762,0.0002570950018707663,0,19427,97.13500213623047,7230.04296875
1763,0.16179579496383667,0,19427,97.13500213623047,7230.20458984375
1764,0.00020662942552007735,0,19427,97.13500213623047,7230.20458984375
1765,4.240912914276123,0,19427,97.13500213623047,7234.4453125
1766,1.174702525138855,0,19427,97.13500213623047,7235.6201171875
1767,1.1921225786209106,0,19427,97.13500213623047,7236.81201171875
1768,7.11293178028427e-05,0,19427,97.13500213623047,7236.81201171875
1769,0.20490756630897522,0,19427,97.13500213623047,7237.01708984375
1770,0.00011722246563294902,0,19427,97.13500213623047,7237.01708984375
1771,3.908024787902832,0,19427,97.13500213623047,7240.92529296875
1772,10.90761661529541,1,19428,97.13999938964844,7251.8330078125
1773,0.939489483833313,0,19428,97.13999938964844,7252.7724609375
1774,0.00015457499830517918,0,19428,97.13999938964844,7252.7724609375
1775,1.3126037120819092,0,19428,97.13999938964844,7254.0849609375
1776,0.001034339191392064,0,19428,97.13999938964844,7254.0859375
1777,1.668320655822754,0,19428,97.13999938964844,7255.75439453125
1778,7.112820458132774e-05,0,19428,97.13999938964844,7255.75439453125
1779,2.9178497791290283,0,19428,97.13999938964844,7258.67236328125
1780,9.938365936279297,6,19434,97.16999816894531,7268.61083984375
1781,2.5186474323272705,0,19434,97.16999816894531,7271.12939453125
1782,0.008335411548614502,0,19434,97.16999816894531,7271.1376953125
1783,1.2703180313110352,0,19434,97.16999816894531,7272.408203125
1784,3.393031597137451,0,19434,97.16999816894531,7275.80126953125
1785,1.5437039136886597,0,19434,97.16999816894531,7277.34521484375
1786,5.295028313412331e-05,0,19434,97.16999816894531,7277.34521484375
1787,0.988071084022522,0,19434,97.16999816894531,7278.33349609375
1788,0.0003285209240857512,0,19434,97.16999816894531,7278.333984375
1789,3.8259522914886475,0,19434,97.16999816894531,7282.16015625
1790,9.006674766540527,1,19435,97.17500305175781,7291.1669921875
1791,2.197270393371582,0,19435,97.17500305175781,7293.3642578125
1792,0.0022133192978799343,0,19435,97.17500305175781,7293.36669921875
1793,4.096571922302246,0,19435,97.17500305175781,7297.46337890625
1794,1.7556259632110596,1,19436,97.18000030517578,7299.21923828125
1795,1.5735673904418945,0,19436,97.18000030517578,7300.79296875
1796,7.917318820953369,0,19436,97.18000030517578,7308.71044921875
1797,3.4717185497283936,0,19436,97.18000030517578,7312.18212890625
1798,10.798277854919434,0,19436,97.18000030517578,7322.98046875
1799,2.76188588142395,0,19436,97.18000030517578,7325.7421875
1800,2.7244348526000977,0,19436,97.18000030517578,7328.466796875
1801,3.6527085304260254,0,19436,97.18000030517578,7332.11962890625
1802,0.001769065740518272,0,19436,97.18000030517578,7332.12158203125
1803,0.9428286552429199,0,19436,97.18000030517578,7333.064453125
1804,0.0003377596440259367,0,19436,97.18000030517578,7333.06494140625
1805,0.09151466935873032,0,19436,97.18000030517578,7333.15625
1806,0.0003012021188624203,0,19436,97.18000030517578,7333.15673828125
1807,1.3811538219451904,0,19436,97.18000030517578,7334.5380859375
1808,2.1505794525146484,3,19439,97.19499969482422,7336.6884765625
1809,1.079118251800537,0,19439,97.19499969482422,7337.767578125
1810,0.000286102294921875,0,19439,97.19499969482422,7337.76806640625
1811,0.23973697423934937,0,19439,97.19499969482422,7338.0078125
1812,0.0003870328073389828,0,19439,97.19499969482422,7338.00830078125
1813,2.5154099464416504,0,19439,97.19499969482422,7340.52392578125
1814,0.00029246011399663985,0,19439,97.19499969482422,7340.5244140625
1815,1.053104281425476,0,19439,97.19499969482422,7341.57763671875
1816,0.001741250278428197,0,19439,97.19499969482422,7341.57958984375
1817,2.888939142227173,0,19439,97.19499969482422,7344.46875
1818,9.013154983520508,0,19439,97.19499969482422,7353.48193359375
1819,2.1861636638641357,0,19439,97.19499969482422,7355.66796875
1820,0.0012906391639262438,0,19439,97.19499969482422,7355.66943359375
1821,0.8221935033798218,0,19439,97.19499969482422,7356.49169921875
1822,0.5847644805908203,0,19439,97.19499969482422,7357.07666015625
1823,4.973710060119629,0,19439,97.19499969482422,7362.05029296875
1824,0.624531090259552,0,19439,97.19499969482422,7362.6748046875
1825,0.2530372440814972,0,19439,97.19499969482422,7362.927734375
1826,0.0007740656146779656,0,19439,97.19499969482422,7362.9287109375
1827,0.49050432443618774,0,19439,97.19499969482422,7363.41943359375
1828,0.003379980567842722,0,19439,97.19499969482422,7363.4228515625
1829,3.1044089794158936,0,19439,97.19499969482422,7366.52734375
1830,0.0001724561006994918,0,19439,97.19499969482422,7366.52734375
1831,4.804102897644043,0,19439,97.19499969482422,7371.33154296875
1832,16.707677841186523,0,19439,97.19499969482422,7388.0390625
1833,1.1018657684326172,0,19439,97.19499969482422,7389.14111328125
1834,0.00011806000111391768,0,19439,97.19499969482422,7389.14111328125
1835,4.45982027053833,0,19439,97.19499969482422,7393.60107421875
1836,19.756555557250977,0,19439,97.19499969482422,7413.357421875
1837,2.8067514896392822,0,19439,97.19499969482422,7416.1640625
1838,7.071200847625732,0,19439,97.19499969482422,7423.2353515625
1839,0.2486037015914917,0,19439,97.19499969482422,7423.48388671875
1840,0.0002018610539380461,0,19439,97.19499969482422,7423.48388671875
1841,1.3114045858383179,0,19439,97.19499969482422,7424.79541015625
1842,9.536742436466739e-05,0,19439,97.19499969482422,7424.79541015625
1843,2.4935531616210938,0,19439,97.19499969482422,7427.2890625
1844,11.690932273864746,0,19439,97.19499969482422,7438.97998046875
1845,4.028117656707764,0,19439,97.19499969482422,7443.00830078125
1846,10.900975227355957,0,19439,97.19499969482422,7453.9091796875
1847,4.591034412384033,0,19439,97.19499969482422,7458.5
1848,10.246686935424805,1,19440,97.19999694824219,7468.74658203125
1849,2.6076865196228027,0,19440,97.19999694824219,7471.3544921875
1850,15.521177291870117,0,19440,97.19999694824219,7486.87548828125
1851,1.9979296922683716,0,19440,97.19999694824219,7488.87353515625
1852,6.039937215973623e-05,0,19440,97.19999694824219,7488.87353515625
1853,2.53733491897583,0,19440,97.19999694824219,7491.41064453125
1854,0.002102056983858347,0,19440,97.19999694824219,7491.41259765625
1855,3.9501328468322754,0,19440,97.19999694824219,7495.36279296875
1856,11.55325698852539,0,19440,97.19999694824219,7506.916015625
1857,0.7385050654411316,0,19440,97.19999694824219,7507.654296875
1858,0.00012318869994487613,0,19440,97.19999694824219,7507.654296875
1859,3.7981860637664795,0,19440,97.19999694824219,7511.45263671875
1860,2.5439178943634033,0,19440,97.19999694824219,7513.99658203125
1861,0.9463439583778381,0,19440,97.19999694824219,7514.94287109375
1862,0.00038420286728069186,0,19440,97.19999694824219,7514.943359375
1863,2.4110984802246094,0,19440,97.19999694824219,7517.3544921875
1864,0.0002584330504760146,0,19440,97.19999694824219,7517.35498046875
1865,1.3345050811767578,0,19440,97.19999694824219,7518.689453125
1866,6.046347334631719e-05,0,19440,97.19999694824219,7518.689453125
1867,0.8257865309715271,0,19440,97.19999694824219,7519.51513671875
1868,0.00011782062938436866,0,19440,97.19999694824219,7519.51513671875
1869,0.9666846394538879,0,19440,97.19999694824219,7520.48193359375
1870,9.151777339866385e-05,0,19440,97.19999694824219,7520.48193359375
1871,2.150941848754883,0,19440,97.19999694824219,7522.6328125
1872,0.0006291949539445341,0,19440,97.19999694824219,7522.63330078125
1873,4.008084297180176,0,19440,97.19999694824219,7526.6416015625
1874,0.002436963841319084,0,19440,97.19999694824219,7526.64404296875
1875,4.599432468414307,0,19440,97.19999694824219,7531.24365234375
1876,20.025501251220703,0,19440,97.19999694824219,7551.26904296875
1877,3.7722442150115967,0,19440,97.19999694824219,7555.04150390625
1878,1.8166569471359253,1,19441,97.20500183105469,7556.8583984375
1879,3.8882861137390137,0,19441,97.20500183105469,7560.74658203125
1880,1.0049711465835571,0,19441,97.20500183105469,7561.75146484375
1881,4.6259589195251465,0,19441,97.20500183105469,7566.37744140625
1882,25.75773048400879,1,19442,97.20999908447266,7592.13525390625
1883,2.374044418334961,0,19442,97.20999908447266,7594.50927734375
1884,0.002041660714894533,0,19442,97.20999908447266,7594.51123046875
1885,0.8301734328269958,0,19442,97.20999908447266,7595.34130859375
1886,0.0004076957411598414,0,19442,97.20999908447266,7595.341796875
1887,4.496243953704834,0,19442,97.20999908447266,7599.837890625
1888,2.7460126876831055,2,19444,97.22000122070312,7602.583984375
1889,1.6657589673995972,0,19444,97.22000122070312,7604.24951171875
1890,1.5099843039934058e-05,0,19444,97.22000122070312,7604.24951171875
1891,4.946109771728516,0,19444,97.22000122070312,7609.19580078125
1892,19.000497817993164,0,19444,97.22000122070312,7628.1962890625
1893,2.6076152324676514,0,19444,97.22000122070312,7630.8037109375
1894,9.205071449279785,0,19444,97.22000122070312,7640.0087890625
1895,3.3123323917388916,0,19444,97.22000122070312,7643.3212890625
1896,0.5789148211479187,0,19444,97.22000122070312,7643.900390625
1897,1.421036720275879,0,19444,97.22000122070312,7645.3212890625
1898,0.0014623005408793688,0,19444,97.22000122070312,7645.32275390625
1899,2.751617431640625,0,19444,97.22000122070312,7648.07421875
1900,0.0001343091280432418,0,19444,97.22000122070312,7648.07421875
1901,4.724982261657715,0,19444,97.22000122070312,7652.79931640625
1902,22.35443687438965,0,19444,97.22000122070312,7675.15380859375
1903,4.45207405090332,0,19444,97.22000122070312,7679.60595703125
1904,19.42901039123535,0,19444,97.22000122070312,7699.03515625
1905,4.150487899780273,0,19444,97.22000122070312,7703.185546875
1906,13.005528450012207,0,19444,97.22000122070312,7716.19091796875
1907,2.705625057220459,0,19444,97.22000122070312,7718.896484375
1908,4.271307945251465,1,19445,97.2249984741211,7723.16796875
1909,1.884686827659607,0,19445,97.2249984741211,7725.052734375
1910,10.488545417785645,2,19447,97.23500061035156,7735.54150390625
1911,2.8751680850982666,0,19447,97.23500061035156,7738.41650390625
1912,19.175495147705078,3,19450,97.25,7757.591796875
1913,0.5415941476821899,0,19450,97.25,7758.13330078125
1914,0.00024875131202861667,0,19450,97.25,7758.1337890625
1915,0.962134599685669,0,19450,97.25,7759.095703125
1916,1.2715657248918433e-05,0,19450,97.25,7759.095703125
1917,3.3719322681427,0,19450,97.25,7762.4677734375
1918,6.983565330505371,0,19450,97.25,7769.451171875
1919,0.27455803751945496,0,19450,97.25,7769.7255859375
1920,0.00017840255168266594,0,19450,97.25,7769.7255859375
1921,1.7469323873519897,0,19450,97.25,7771.47265625
1922,15.011056900024414,0,19450,97.25,7786.48388671875
1923,0.3957153558731079,0,19450,97.25,7786.87939453125
1924,3.100460162386298e-05,0,19450,97.25,7786.87939453125
1925,1.2502467632293701,0,19450,97.25,7788.1298828125
1926,0.00027736026095226407,0,19450,97.25,7788.13037109375
1927,4.825581073760986,0,19450,97.25,7792.9560546875
1928,3.030933380126953,0,19450,97.25,7795.98681640625
1929,4.114645481109619,0,19450,97.25,7800.1015625
1930,9.203181266784668,0,19450,97.25,7809.3046875
1931,3.4719953536987305,0,19450,97.25,7812.77685546875
1932,20.433731079101562,0,19450,97.25,7833.21044921875
1933,0.13047558069229126,0,19450,97.25,7833.3408203125
1934,0.0001724853937048465,0,19450,97.25,7833.3408203125
1935,1.6345605850219727,0,19450,97.25,7834.9755859375
1936,0.0053755440749228,0,19450,97.25,7834.98095703125
1937,4.354462146759033,0,19450,97.25,7839.33544921875
1938,7.446996212005615,0,19450,97.25,7846.7822265625
1939,4.747258186340332,0,19450,97.25,7851.529296875
1940,5.779684066772461,0,19450,97.25,7857.30908203125
1941,2.785782814025879,0,19450,97.25,7860.0947265625
1942,17.40597915649414,0,19450,97.25,7877.50048828125
1943,4.631710529327393,0,19450,97.25,7882.13232421875
1944,16.03648567199707,0,19450,97.25,7898.1689453125
1945,0.464219868183136,0,19450,97.25,7898.63330078125
1946,0.00018597327289171517,0,19450,97.25,7898.63330078125
1947,3.1692144870758057,0,19450,97.25,7901.802734375
1948,0.0038409230764955282,0,19450,97.25,7901.806640625
1949,3.564312219619751,0,19450,97.25,7905.37109375
1950,18.355636596679688,0,19450,97.25,7923.7265625
1951,1.2117480039596558,0,19450,97.25,7924.9384765625
1952,3.72684907913208,0,19450,97.25,7928.66552734375
1953,2.219926118850708,0,19450,97.25,7930.88525390625
1954,8.335027694702148,3,19453,97.26499938964844,7939.22021484375
1955,0.6515263915061951,0,19453,97.26499938964844,7939.87158203125
1956,0.0001430511474609375,0,19453,97.26499938964844,7939.87158203125
1957,0.6179856061935425,0,19453,97.26499938964844,7940.48974609375
1958,5.563099875871558e-06,0,19453,97.26499938964844,7940.48974609375
1959,1.417252779006958,0,19453,97.26499938964844,7941.9072265625
1960,0.0003965695505030453,0,19453,97.26499938964844,7941.90771484375
1961,0.1399528533220291,0,19453,97.26499938964844,7942.0478515625
1962,0.00047604241990484297,0,19453,97.26499938964844,7942.04833984375
1963,1.8074759244918823,0,19453,97.26499938964844,7943.85595703125
1964,11.639406204223633,0,19453,97.26499938964844,7955.49560546875
1965,1.0168325901031494,0,19453,97.26499938964844,7956.51220703125
1966,15.669702529907227,0,19453,97.26499938964844,7972.18212890625
1967,4.736413478851318,0,19453,97.26499938964844,7976.91845703125
1968,11.686285972595215,0,19453,97.26499938964844,7988.60498046875
1969,2.5211381912231445,0,19453,97.26499938964844,7991.1259765625
1970,16.873506546020508,0,19453,97.26499938964844,8007.99951171875
1971,2.2261199951171875,0,19453,97.26499938964844,8010.2255859375
1972,3.179907434969209e-05,0,19453,97.26499938964844,8010.2255859375
1973,4.869758605957031,0,19453,97.26499938964844,8015.09521484375
1974,5.738850116729736,2,19455,97.2750015258789,8020.833984375
1975,4.901437759399414,0,19455,97.2750015258789,8025.7353515625
1976,5.813888072967529,0,19455,97.2750015258789,8031.54931640625
1977,1.6597427129745483,0,19455,97.2750015258789,8033.208984375
1978,0.0003465016488917172,0,19455,97.2750015258789,8033.20947265625
1979,4.878239154815674,0,19455,97.2750015258789,8038.087890625
1980,14.15704345703125,2,19457,97.28500366210938,8052.2451171875
1981,3.062004804611206,0,19457,97.28500366210938,8055.30712890625
1982,20.123233795166016,0,19457,97.28500366210938,8075.43017578125
1983,2.5848031044006348,0,19457,97.28500366210938,8078.01513671875
1984,0.0011429201113060117,0,19457,97.28500366210938,8078.01611328125
1985,0.09212027490139008,0,19457,97.28500366210938,8078.1083984375
1986,0.0014588732738047838,0,19457,97.28500366210938,8078.10986328125
1987,1.967387318611145,0,19457,97.28500366210938,8080.0771484375
1988,22.414493560791016,0,19457,97.28500366210938,8102.49169921875
1989,0.8257148265838623,0,19457,97.28500366210938,8103.3173828125
1990,1.3879337529942859e-05,0,19457,97.28500366210938,8103.3173828125
1991,0.5357277989387512,0,19457,97.28500366210938,8103.85302734375
1992,0.00010172525799134746,0,19457,97.28500366210938,8103.85302734375
1993,1.5972590446472168,0,19457,97.28500366210938,8105.4501953125
1994,0.00028530755662359297,0,19457,97.28500366210938,8105.45068359375
1995,0.09221210330724716,0,19457,97.28500366210938,8105.54296875
1996,0.0002535184030421078,0,19457,97.28500366210938,8105.54345703125
1997,2.1105594635009766,0,19457,97.28500366210938,8107.65380859375
1998,0.00026782351778820157,0,19457,97.28500366210938,8107.654296875
1999,1.1698648929595947,0,19457,97.28500366210938,8108.82421875
2000,0.0020766258239746094,0,19457,97.28500366210938,8108.826171875
2001,3.4258360862731934,0,19457,97.28500366210938,8112.251953125
2002,9.892600059509277,0,19457,97.28500366210938,8122.14453125
2003,3.311023712158203,0,19457,97.28500366210938,8125.45556640625
2004,13.25570011138916,0,19457,97.28500366210938,8138.71142578125
2005,4.765464782714844,0,19457,97.28500366210938,8143.47705078125
2006,13.209871292114258,0,19457,97.28500366210938,8156.68701171875
2007,3.9797682762145996,0,19457,97.28500366210938,8160.6669921875
2008,17.057096481323242,0,19457,97.28500366210938,8177.72412109375
2009,1.9409379959106445,0,19457,97.28500366210938,8179.6650390625
2010,0.0003528599045239389,0,19457,97.28500366210938,8179.66552734375
2011,4.450136184692383,0,19457,97.28500366210938,8184.11572265625
2012,1.4349513053894043,0,19457,97.28500366210938,8185.55078125
2013,0.1920163482427597,0,19457,97.28500366210938,8185.74267578125
2014,0.00010013579594669864,0,19457,97.28500366210938,8185.74267578125
2015,4.20689058303833,0,19457,97.28500366210938,8189.94970703125
2016,0.8101768493652344,0,19457,97.28500366210938,8190.759765625
2017,0.04541392624378204,0,19457,97.28500366210938,8190.80517578125
2018,0.00031153360032476485,0,19457,97.28500366210938,8190.8056640625
2019,0.11643992364406586,0,19457,97.28500366210938,8190.921875
2020,0.0002686182560864836,0,19457,97.28500366210938,8190.92236328125
2021,2.475802421569824,0,19457,97.28500366210938,8193.3984375
2022,0.00040054318378679454,0,19457,97.28500366210938,8193.3984375
2023,1.012502670288086,0,19457,97.28500366210938,8194.4111328125
2024,8.185704064089805e-05,0,19457,97.28500366210938,8194.4111328125
2025,4.35726261138916,0,19457,97.28500366210938,8198.7685546875
2026,23.7631778717041,1,19458,97.29000091552734,8222.53125
2027,2.5291574001312256,0,19458,97.29000091552734,8225.060546875
2028,5.271686553955078,0,19458,97.29000091552734,8230.33203125
2029,1.0960984230041504,0,19458,97.29000091552734,8231.427734375
2030,0.0014940897235646844,0,19458,97.29000091552734,8231.4296875
2031,4.525761604309082,0,19458,97.29000091552734,8235.955078125
2032,3.733534574508667,0,19458,97.29000091552734,8239.6884765625
2033,2.5394704341888428,0,19458,97.29000091552734,8242.2275390625
2034,0.0006222724914550781,0,19458,97.29000091552734,8242.228515625
2035,2.0295915603637695,0,19458,97.29000091552734,8244.2578125
2036,6.67572021484375e-05,0,19458,97.29000091552734,8244.2578125
2037,3.3257055282592773,0,19458,97.29000091552734,8247.583984375
2038,1.946387767791748,0,19458,97.29000091552734,8249.5302734375
2039,0.04614817351102829,0,19458,97.29000091552734,8249.576171875
2040,0.00010013579594669864,0,19458,97.29000091552734,8249.576171875
2041,0.6316710710525513,0,19458,97.29000091552734,8250.2080078125
2042,3.496805584290996e-05,0,19458,97.29000091552734,8250.2080078125
2043,0.11400458216667175,0,19458,97.29000091552734,8250.322265625
2044,5.880991375306621e-05,0,19458,97.29000091552734,8250.322265625
2045,4.325393199920654,0,19458,97.29000091552734,8254.6474609375
2046,2.5082955360412598,0,19458,97.29000091552734,8257.1552734375
2047,3.727670431137085,0,19458,97.29000091552734,8260.8828125
2048,0.0005431969766505063,0,19458,97.29000091552734,8260.8837890625
2049,3.4242136478424072,0,19458,97.29000091552734,8264.3076171875
2050,17.82857322692871,0,19458,97.29000091552734,8282.1357421875
2051,2.4318432807922363,0,19458,97.29000091552734,8284.5673828125
2052,0.0009540559258311987,0,19458,97.29000091552734,8284.568359375
2053,4.661257266998291,0,19458,97.29000091552734,8289.2294921875
2054,9.873141288757324,0,19458,97.29000091552734,8299.1025390625
2055,1.8224728107452393,0,19458,97.29000091552734,8300.9248046875
2056,0.001653830287978053,0,19458,97.29000091552734,8300.9267578125
2057,4.227180480957031,0,19458,97.29000091552734,8305.154296875
2058,0.0011328855762258172,0,19458,97.29000091552734,8305.1552734375
2059,2.785306930541992,0,19458,97.29000091552734,8307.9404296875
2060,12.377790451049805,0,19458,97.29000091552734,8320.318359375
2061,4.092227458953857,0,19458,97.29000091552734,8324.41015625
2062,7.23839807510376,0,19458,97.29000091552734,8331.6484375
2063,4.796396255493164,0,19458,97.29000091552734,8336.4453125
2064,7.956858158111572,0,19458,97.29000091552734,8344.40234375
2065,4.7435221672058105,0,19458,97.29000091552734,8349.1455078125
2066,8.480603218078613,0,19458,97.29000091552734,8357.6259765625
2067,2.671121120452881,0,19458,97.29000091552734,8360.296875
2068,0.00018040512804873288,0,19458,97.29000091552734,8360.296875
2069,0.7737302780151367,0,19458,97.29000091552734,8361.0703125
2070,3.178914312229608e-06,0,19458,97.29000091552734,8361.0703125
2071,4.304500579833984,0,19458,97.29000091552734,8365.375
2072,12.974145889282227,0,19458,97.29000091552734,8378.349609375
2073,1.5279922485351562,0,19458,97.29000091552734,8379.8779296875
2074,8.378006935119629,0,19458,97.29000091552734,8388.255859375
2075,4.247785568237305,0,19458,97.29000091552734,8392.50390625
2076,4.935359954833984,0,19458,97.29000091552734,8397.439453125
2077,3.919966220855713,0,19458,97.29000091552734,8401.359375
2078,12.387238502502441,0,19458,97.29000091552734,8413.7470703125
2079,2.8058431148529053,0,19458,97.29000091552734,8416.552734375
2080,8.804790496826172,0,19458,97.29000091552734,8425.357421875
2081,3.9873249530792236,0,19458,97.29000091552734,8429.3447265625
2082,9.381916999816895,0,19458,97.29000091552734,8438.7265625
2083,0.6595587134361267,0,19458,97.29000091552734,8439.3857421875
2084,0.0013947488041594625,0,19458,97.29000091552734,8439.38671875
2085,0.3368307650089264,0,19458,97.29000091552734,8439.7236328125
2086,0.0006977716693654656,0,19458,97.29000091552734,8439.724609375
2087,4.017366886138916,0,19458,97.29000091552734,8443.7421875
2088,6.483988285064697,0,19458,97.29000091552734,8450.2265625
2089,3.5947201251983643,0,19458,97.29000091552734,8453.8212890625
2090,13.255027770996094,0,19458,97.29000091552734,8467.076171875
2091,3.994840145111084,0,19458,97.29000091552734,8471.0712890625
2092,3.5681214332580566,3,19461,97.30500030517578,8474.6396484375
2093,1.102839469909668,0,19461,97.30500030517578,8475.7421875
2094,4.291545701562427e-05,0,19461,97.30500030517578,8475.7421875
2095,2.8148839473724365,0,19461,97.30500030517578,8478.556640625
2096,10.449974060058594,0,19461,97.30500030517578,8489.0068359375
2097,4.032238483428955,0,19461,97.30500030517578,8493.0390625
2098,7.269144535064697,0,19461,97.30500030517578,8500.30859375
2099,4.32191801071167,0,19461,97.30500030517578,8504.630859375
2100,5.849182605743408,0,19461,97.30500030517578,8510.48046875
2101,2.1451005935668945,0,19461,97.30500030517578,8512.6259765625
2102,14.72032642364502,5,19466,97.33000183105469,8527.3466796875
2103,4.148264408111572,0,19466,97.33000183105469,8531.4951171875
2104,14.109235763549805,0,19466,97.33000183105469,8545.6044921875
2105,4.1138739585876465,0,19466,97.33000183105469,8549.71875
2106,12.347809791564941,0,19466,97.33000183105469,8562.06640625
2107,2.648287773132324,0,19466,97.33000183105469,8564.71484375
2108,14.55682373046875,0,19466,97.33000183105469,8579.271484375
2109,4.144504070281982,0,19466,97.33000183105469,8583.416015625
2110,1.1571862697601318,0,19466,97.33000183105469,8584.5732421875
2111,3.3457558155059814,0,19466,97.33000183105469,8587.9189453125
2112,25.69780731201172,0,19466,97.33000183105469,8613.6171875
2113,2.092728614807129,0,19466,97.33000183105469,8615.7099609375
2114,0.0015902520390227437,0,19466,97.33000183105469,8615.7119140625
2115,3.1089305877685547,0,19466,97.33000183105469,8618.8212890625
2116,0.00022252400231081992,0,19466,97.33000183105469,8618.8212890625
2117,1.9099913835525513,0,19466,97.33000183105469,8620.7314453125
2118,0.00023365019296761602,0,19466,97.33000183105469,8620.7314453125
2119,1.8388519287109375,0,19466,97.33000183105469,8622.5703125
2120,3.4855690002441406,0,19466,97.33000183105469,8626.0556640625
2121,3.7335879802703857,0,19466,97.33000183105469,8629.7890625
2122,23.016769409179688,0,19466,97.33000183105469,8652.8056640625
2123,2.1985960006713867,0,19466,97.33000183105469,8655.00390625
2124,0.00033160048769786954,0,19466,97.33000183105469,8655.00390625
2125,4.202125549316406,0,19466,97.33000183105469,8659.2060546875
2126,19.602205276489258,0,19466,97.33000183105469,8678.80859375
2127,0.49871572852134705,0,19466,97.33000183105469,8679.3076171875
2128,0.0004368715744931251,0,19466,97.33000183105469,8679.3076171875
2129,2.3937699794769287,0,19466,97.33000183105469,8681.701171875
2130,7.60306978225708,0,19466,97.33000183105469,8689.3046875
2131,0.8697236180305481,0,19466,97.33000183105469,8690.1748046875
2132,6.407306500477716e-06,0,19466,97.33000183105469,8690.1748046875
2133,4.409667015075684,0,19466,97.33000183105469,8694.583984375
2134,9.152016639709473,1,19467,97.33499908447266,8703.736328125
2135,4.912640571594238,0,19467,97.33499908447266,8708.6494140625
2136,9.354391098022461,0,19467,97.33499908447266,8718.00390625
2137,2.5797650814056396,0,19467,97.33499908447266,8720.583984375
2138,1.262520432472229,0,19467,97.33499908447266,8721.8466796875
2139,2.266589403152466,0,19467,97.33499908447266,8724.11328125
2140,12.067168235778809,0,19467,97.33499908447266,8736.1806640625
2141,0.4854249358177185,0,19467,97.33499908447266,8736.666015625
2142,0.0009845274034887552,0,19467,97.33499908447266,8736.6669921875
2143,1.2054634094238281,0,19467,97.33499908447266,8737.8720703125
2144,14.088128089904785,0,19467,97.33499908447266,8751.9599609375
2145,2.358304023742676,0,19467,97.33499908447266,8754.318359375
2146,0.00029802427161484957,0,19467,97.33499908447266,8754.318359375
2147,2.7497849464416504,0,19467,97.33499908447266,8757.068359375
2148,16.573144912719727,0,19467,97.33499908447266,8773.6416015625
2149,1.5095962285995483,0,19467,97.33499908447266,8775.1513671875
2150,8.852688915794715e-05,0,19467,97.33499908447266,8775.1513671875
2151,1.8026492595672607,0,19467,97.33499908447266,8776.9541015625
2152,0.0003978948516305536,0,19467,97.33499908447266,8776.9541015625
2153,1.7913187742233276,0,19467,97.33499908447266,8778.7451171875
2154,17.541790008544922,1,19468,97.33999633789062,8796.287109375
2155,2.9797935485839844,0,19468,97.33999633789062,8799.2666015625
2156,5.185072898864746,0,19468,97.33999633789062,8804.4521484375
2157,1.3798867464065552,0,19468,97.33999633789062,8805.83203125
2158,6.238619243958965e-05,0,19468,97.33999633789062,8805.83203125
2159,1.5902899503707886,0,19468,97.33999633789062,8807.421875
2160,0.0003540515899658203,0,19468,97.33999633789062,8807.421875
2161,4.3519673347473145,0,19468,97.33999633789062,8811.7734375
2162,14.952925682067871,0,19468,97.33999633789062,8826.7265625
2163,3.6742160320281982,0,19468,97.33999633789062,8830.400390625
2164,14.549051284790039,1,19469,97.34500122070312,8844.94921875
2165,1.846561312675476,0,19469,97.34500122070312,8846.7958984375
2166,0.0003631944127846509,0,19469,97.34500122070312,8846.7958984375
2167,2.3348841667175293,0,19469,97.34500122070312,8849.130859375
2168,0.00024636584566906095,0,19469,97.34500122070312,8849.130859375
2169,2.273174285888672,0,19469,97.34500122070312,8851.404296875
2170,0.0003377596440259367,0,19469,97.34500122070312,8851.404296875
2171,4.918591499328613,0,19469,97.34500122070312,8856.3232421875
2172,3.1429402828216553,0,19469,97.34500122070312,8859.4658203125
2173,0.35093170404434204,0,19469,97.34500122070312,8859.81640625
2174,0.00018517175340093672,0,19469,97.34500122070312,8859.81640625
2175,0.4693402349948883,0,19469,97.34500122070312,8860.2861328125
2176,0.0003449122013989836,0,19469,97.34500122070312,8860.2861328125
2177,0.03030175343155861,0,19469,97.34500122070312,8860.31640625
2178,0.0003314018249511719,0,19469,97.34500122070312,8860.31640625
2179,0.018812237307429314,0,19469,97.34500122070312,8860.3349609375
2180,0.0003393490915186703,0,19469,97.34500122070312,8860.3349609375
2181,4.005722999572754,0,19469,97.34500122070312,8864.3408203125
2182,9.132046699523926,0,19469,97.34500122070312,8873.47265625
2183,4.474093437194824,0,19469,97.34500122070312,8877.9462890625
2184,17.862380981445312,0,19469,97.34500122070312,8895.80859375
2185,2.8733882904052734,0,19469,97.34500122070312,8898.681640625
2186,13.32197380065918,1,19470,97.3499984741211,8912.00390625
2187,4.665595054626465,0,19470,97.3499984741211,8916.669921875
2188,17.8200626373291,0,19470,97.3499984741211,8934.490234375
2189,0.38041117787361145,0,19470,97.3499984741211,8934.87109375
2190,0.0011380523210391402,0,19470,97.3499984741211,8934.8720703125
2191,4.061130046844482,0,19470,97.3499984741211,8938.93359375
2192,0.001066525699570775,0,19470,97.3499984741211,8938.9345703125
2193,0.7781254649162292,0,19470,97.3499984741211,8939.712890625
2194,0.00032901763916015625,0,19470,97.3499984741211,8939.712890625
2195,0.37477853894233704,0,19470,97.3499984741211,8940.087890625
2196,0.0002018610539380461,0,19470,97.3499984741211,8940.087890625
2197,0.9397292733192444,0,19470,97.3499984741211,8941.02734375
2198,0.000714460969902575,0,19470,97.3499984741211,8941.0283203125
2199,1.4188252687454224,0,19470,97.3499984741211,8942.447265625
2200,17.15289306640625,0,19470,97.3499984741211,8959.6005859375
2201,1.8332279920578003,0,19470,97.3499984741211,8961.43359375
2202,7.858475685119629,3,19473,97.36499786376953,8969.2919921875
2203,1.037149429321289,0,19473,97.36499786376953,8970.3291015625
2204,0.00045602815225720406,0,19473,97.36499786376953,8970.3291015625
2205,3.2795090675354004,0,19473,97.36499786376953,8973.6083984375
2206,6.018002510070801,0,19473,97.36499786376953,8979.6259765625
2207,3.183837890625,0,19473,97.36499786376953,8982.8095703125
2208,6.7832489013671875,0,19473,97.36499786376953,8989.5927734375
2209,4.300128936767578,0,19473,97.36499786376953,8993.892578125
2210,24.85683250427246,2,19475,97.375,9018.7490234375
2211,0.022753635421395302,0,19475,97.375,9018.771484375
2212,0.00017091284098569304,0,19475,97.375,9018.771484375
2213,4.844886779785156,0,19475,97.375,9023.6162109375
2214,23.96672248840332,0,19475,97.375,9047.5830078125
2215,1.4262436628341675,0,19475,97.375,9049.0087890625
2216,0.0010728861670941114,0,19475,97.375,9049.009765625
2217,4.9635725021362305,0,19475,97.375,9053.9736328125
2218,3.245683431625366,0,19475,97.375,9057.2197265625
2219,1.373835563659668,0,19475,97.375,9058.59375
2220,0.00019868253730237484,0,19475,97.375,9058.59375
2221,0.7380580902099609,0,19475,97.375,9059.33203125
2222,0.0005197525024414062,0,19475,97.375,9059.3330078125
2223,1.0034048557281494,0,19475,97.375,9060.3359375
2224,1.0412054061889648,0,19475,97.375,9061.376953125
2225,1.4244924783706665,0,19475,97.375,9062.8017578125
2226,0.0003679593210108578,0,19475,97.375,9062.8017578125
2227,1.6935263872146606,0,19475,97.375,9064.4951171875
2228,7.788340008119121e-05,0,19475,97.375,9064.4951171875
2229,1.8796478509902954,0,19475,97.375,9066.375
2230,0.0004676977696362883,0,19475,97.375,9066.375
2231,4.872663497924805,0,19475,97.375,9071.248046875
2232,19.16040802001953,1,19476,97.37999725341797,9090.408203125
2233,1.4519463777542114,0,19476,97.37999725341797,9091.8603515625
2234,4.372210502624512,0,19476,97.37999725341797,9096.232421875
2235,1.3017842769622803,0,19476,97.37999725341797,9097.5341796875
2236,0.0005567079642787576,0,19476,97.37999725341797,9097.53515625
2237,2.888810396194458,0,19476,97.37999725341797,9100.423828125
2238,12.891671180725098,0,19476,97.37999725341797,9113.3154296875
2239,4.528212070465088,0,19476,97.37999725341797,9117.84375
2240,12.332669258117676,0,19476,97.37999725341797,9130.1767578125
2241,3.002483606338501,0,19476,97.37999725341797,9133.1796875
2242,4.9333391189575195,0,19476,97.37999725341797,9138.11328125
2243,0.0014423081884160638,0,19476,97.37999725341797,9138.1142578125
2244,0.00010808349907165393,0,19476,97.37999725341797,9138.1142578125
2245,2.9368255138397217,0,19476,97.37999725341797,9141.05078125
2246,0.00844081211835146,0,19476,97.37999725341797,9141.0595703125
2247,3.411865234375,0,19476,97.37999725341797,9144.4716796875
2248,0.00023444493126589805,0,19476,97.37999725341797,9144.4716796875
2249,4.798093795776367,0,19476,97.37999725341797,9149.26953125
2250,3.2568302154541016,0,19476,97.37999725341797,9152.5263671875
2251,2.344331741333008,0,19476,97.37999725341797,9154.87109375
2252,0.00013589859008789062,0,19476,97.37999725341797,9154.87109375
2253,2.081552743911743,0,19476,97.37999725341797,9156.953125
2254,0.00043789544724859297,0,19476,97.37999725341797,9156.953125
2255,3.3204421997070312,0,19476,97.37999725341797,9160.2734375
2256,12.446187973022461,0,19476,97.37999725341797,9172.7197265625
2257,1.1372909545898438,0,19476,97.37999725341797,9173.857421875
2258,0.00021895043028052896,0,19476,97.37999725341797,9173.857421875
2259,3.7566397190093994,0,19476,97.37999725341797,9177.6142578125
2260,7.949778079986572,1,19477,97.38500213623047,9185.564453125
2261,0.15343905985355377,0,19477,97.38500213623047,9185.7177734375
2262,0.00010530452709645033,0,19477,97.38500213623047,9185.7177734375
2263,4.231290817260742,0,19477,97.38500213623047,9189.94921875
2264,25.8089542388916,0,19477,97.38500213623047,9215.7578125
2265,3.2944376468658447,0,19477,97.38500213623047,9219.052734375
2266,16.35061264038086,0,19477,97.38500213623047,9235.4033203125
2267,0.7808230519294739,0,19477,97.38500213623047,9236.1845703125
2268,6.837848923169076e-05,0,19477,97.38500213623047,9236.1845703125
2269,4.597385883331299,0,19477,97.38500213623047,9240.7822265625
2270,6.419716835021973,0,19477,97.38500213623047,9247.2021484375
2271,3.108581066131592,0,19477,97.38500213623047,9250.310546875
2272,0.0003683566756080836,0,19477,97.38500213623047,9250.310546875
2273,2.1523795127868652,0,19477,97.38500213623047,9252.462890625
2274,7.077062606811523,0,19477,97.38500213623047,9259.5400390625
2275,1.8515346050262451,0,19477,97.38500213623047,9261.3916015625
2276,5.013455867767334,1,19478,97.38999938964844,9266.4052734375
2277,3.594822645187378,0,19478,97.38999938964844,9270.0
2278,5.069627285003662,7,19485,97.42500305175781,9275.0693359375
2279,4.255298137664795,0,19485,97.42500305175781,9279.32421875
2280,19.1243839263916,3,19488,97.43999481201172,9298.4482421875
2281,0.2751697301864624,0,19488,97.43999481201172,9298.7236328125
2282,5.4462103435071185e-05,0,19488,97.43999481201172,9298.7236328125
2283,3.121534585952759,0,19488,97.43999481201172,9301.8447265625
2284,12.458197593688965,1,19489,97.44499969482422,9314.302734375
2285,4.062387943267822,0,19489,97.44499969482422,9318.365234375
2286,20.309953689575195,0,19489,97.44499969482422,9338.6748046875
2287,0.12811537086963654,0,19489,97.44499969482422,9338.802734375
2288,0.00015775361680425704,0,19489,97.44499969482422,9338.802734375
2289,1.522818684577942,0,19489,97.44499969482422,9340.3251953125
2290,0.0019156931666657329,0,19489,97.44499969482422,9340.3271484375
2291,0.8296129703521729,0,19489,97.44499969482422,9341.1572265625
2292,6.035104751586914,0,19489,97.44499969482422,9347.1923828125
2293,0.5281652212142944,0,19489,97.44499969482422,9347.720703125
2294,0.00027020773268304765,0,19489,97.44499969482422,9347.720703125
2295,4.840032577514648,0,19489,97.44499969482422,9352.560546875
2296,3.76486873626709,0,19489,97.44499969482422,9356.3251953125
2297,3.6700267791748047,0,19489,97.44499969482422,9359.9951171875
2298,9.108280181884766,1,19490,97.44999694824219,9369.103515625
2299,0.02420884557068348,0,19490,97.44999694824219,9369.1279296875
2300,5.743151268688962e-05,0,19490,97.44999694824219,9369.1279296875
2301,2.2804949283599854,0,19490,97.44999694824219,9371.408203125
2302,0.0010482469806447625,0,19490,97.44999694824219,9371.4091796875
2303,2.4675092697143555,0,19490,97.44999694824219,9373.876953125
2304,9.507331848144531,0,19490,97.44999694824219,9383.384765625
2305,4.790462017059326,0,19490,97.44999694824219,9388.1748046875
2306,10.043482780456543,0,19490,97.44999694824219,9398.21875
2307,3.9043326377868652,0,19490,97.44999694824219,9402.123046875
2308,2.4906702041625977,0,19490,97.44999694824219,9404.61328125
2309,0.7913578152656555,0,19490,97.44999694824219,9405.404296875
2310,4.792216350324452e-05,0,19490,97.44999694824219,9405.404296875
2311,1.6714690923690796,0,19490,97.44999694824219,9407.076171875
2312,0.000839852902572602,0,19490,97.44999694824219,9407.0771484375
2313,1.0752174854278564,0,19490,97.44999694824219,9408.15234375
2314,20.60908317565918,0,19490,97.44999694824219,9428.76171875
2315,4.120303153991699,0,19490,97.44999694824219,9432.8818359375
2316,9.220085144042969,0,19490,97.44999694824219,9442.1015625
2317,4.694674968719482,0,19490,97.44999694824219,9446.7958984375
2318,12.350940704345703,0,19490,97.44999694824219,9459.146484375
2319,1.4604485034942627,0,19490,97.44999694824219,9460.6064453125
2320,0.0004887580871582031,0,19490,97.44999694824219,9460.607421875
2321,2.538926362991333,0,19490,97.44999694824219,9463.146484375
2322,19.139446258544922,1,19491,97.45500183105469,9482.2861328125
2323,1.782766580581665,0,19491,97.45500183105469,9484.0693359375
2324,4.1346058424096555e-05,0,19491,97.45500183105469,9484.0693359375
2325,1.8134902715682983,0,19491,97.45500183105469,9485.8828125
2326,0.0010488430270925164,0,19491,97.45500183105469,9485.8837890625
2327,2.407344102859497,0,19491,97.45500183105469,9488.291015625
2328,6.067732334136963,5,19496,97.47999572753906,9494.3583984375
2329,1.3871893882751465,0,19496,97.47999572753906,9495.7451171875
2330,0.0009641051874496043,0,19496,97.47999572753906,9495.74609375
2331,1.9300017356872559,0,19496,97.47999572753906,9497.67578125
2332,7.355420112609863,0,19496,97.47999572753906,9505.03125
2333,0.15242326259613037,0,19496,97.47999572753906,9505.18359375
2334,0.0003349781909491867,0,19496,97.47999572753906,9505.18359375
2335,1.1349451541900635,0,19496,97.47999572753906,9506.318359375
2336,2.4636636226205155e-05,0,19496,97.47999572753906,9506.318359375
2337,3.1686148643493652,0,19496,97.47999572753906,9509.4873046875
2338,10.456416130065918,0,19496,97.47999572753906,9519.943359375
2339,0.6957302689552307,0,19496,97.47999572753906,9520.638671875
2340,0.00044822689960710704,0,19496,97.47999572753906,9520.638671875
2341,1.1073755025863647,0,19496,97.47999572753906,9521.74609375
2342,7.987022399902344e-05,0,19496,97.47999572753906,9521.74609375
2343,2.1236355304718018,0,19496,97.47999572753906,9523.8701171875
2344,0.3606017231941223,0,19496,97.47999572753906,9524.23046875
2345,0.967975914478302,0,19496,97.47999572753906,9525.1982421875
2346,0.00047763186739757657,0,19496,97.47999572753906,9525.1982421875
2347,2.4968812465667725,0,19496,97.47999572753906,9527.6953125
2348,0.0002316633763257414,0,19496,97.47999572753906,9527.6953125
2349,3.3936121463775635,0,19496,97.47999572753906,9531.0888671875
2350,0.0072904424741864204,0,19496,97.47999572753906,9531.095703125
2351,1.8429646492004395,0,19496,97.47999572753906,9532.9384765625
2352,0.00012834866356570274,0,19496,97.47999572753906,9532.9384765625
2353,4.847108840942383,0,19496,97.47999572753906,9537.78515625
2354,11.926473617553711,0,19496,97.47999572753906,9549.7119140625
2355,0.43590912222862244,0,19496,97.47999572753906,9550.1474609375
2356,0.00036756208282895386,0,19496,97.47999572753906,9550.1474609375
2357,2.7956507205963135,0,19496,97.47999572753906,9552.943359375
2358,6.651674270629883,1,19497,97.48500061035156,9559.5947265625
2359,0.557561993598938,0,19497,97.48500061035156,9560.15234375
2360,6.804979057051241e-05,0,19497,97.48500061035156,9560.15234375
2361,4.1340107917785645,0,19497,97.48500061035156,9564.2861328125
2362,7.708974361419678,0,19497,97.48500061035156,9571.9951171875
2363,2.4281511306762695,0,19497,97.48500061035156,9574.4228515625
2364,0.00033020987757481635,0,19497,97.48500061035156,9574.4228515625
2365,3.9969522953033447,0,19497,97.48500061035156,9578.419921875
2366,9.043312072753906,0,19497,97.48500061035156,9587.462890625
2367,1.9526360034942627,0,19497,97.48500061035156,9589.4150390625
2368,0.0006043910980224609,0,19497,97.48500061035156,9589.416015625
2369,0.9021936058998108,0,19497,97.48500061035156,9590.318359375
2370,8.123218536376953,0,19497,97.48500061035156,9598.44140625
2371,0.7779418230056763,0,19497,97.48500061035156,9599.2197265625
2372,0.00020503996347542852,0,19497,97.48500061035156,9599.2197265625
2373,4.3322906494140625,0,19497,97.48500061035156,9603.5517578125
2374,3.8795576095581055,0,19497,97.48500061035156,9607.431640625
2375,4.486988544464111,0,19497,97.48500061035156,9611.9189453125
2376,4.280389785766602,0,19497,97.48500061035156,9616.19921875
2377,0.5220044255256653,0,19497,97.48500061035156,9616.7216796875
2378,0.00033219679608009756,0,19497,97.48500061035156,9616.7216796875
2379,2.4124107360839844,0,19497,97.48500061035156,9619.1337890625
2380,7.733528137207031,0,19497,97.48500061035156,9626.8671875
2381,4.33523416519165,0,19497,97.48500061035156,9631.2021484375
2382,8.038305282592773,0,19497,97.48500061035156,9639.240234375
2383,2.075468063354492,0,19497,97.48500061035156,9641.3154296875
2384,2.6944358348846436,0,19497,97.48500061035156,9644.009765625
2385,1.9258127212524414,0,19497,97.48500061035156,9645.935546875
2386,0.0007804234628565609,0,19497,97.48500061035156,9645.9365234375
2387,3.797450065612793,0,19497,97.48500061035156,9649.734375
2388,20.72899627685547,0,19497,97.48500061035156,9670.462890625
2389,4.271020412445068,0,19497,97.48500061035156,9674.734375
2390,12.346085548400879,0,19497,97.48500061035156,9687.080078125
2391,3.771632671356201,0,19497,97.48500061035156,9690.8515625
2392,12.300556182861328,0,19497,97.48500061035156,9703.15234375
2393,1.4881311655044556,0,19497,97.48500061035156,9704.640625
2394,6.119409954408184e-05,0,19497,97.48500061035156,9704.640625
2395,4.949771881103516,0,19497,97.48500061035156,9709.5908203125
2396,12.474810600280762,0,19497,97.48500061035156,9722.0654296875
2397,2.9583899974823,0,19497,97.48500061035156,9725.0234375
2398,10.380850791931152,0,19497,97.48500061035156,9735.404296875
2399,0.692743182182312,0,19497,97.48500061035156,9736.0966796875
2400,0.00010252041829517111,0,19497,97.48500061035156,9736.0966796875
2401,0.8852900266647339,0,19497,97.48500061035156,9736.982421875
2402,0.0003830591740552336,0,19497,97.48500061035156,9736.982421875
2403,3.6557788848876953,0,19497,97.48500061035156,9740.638671875
2404,12.333282470703125,1,19498,97.48999786376953,9752.9716796875
2405,0.15035636723041534,0,19498,97.48999786376953,9753.1220703125
2406,3.477845893939957e-05,0,19498,97.48999786376953,9753.1220703125
2407,4.058825492858887,0,19498,97.48999786376953,9757.1806640625
2408,2.4022743701934814,0,19498,97.48999786376953,9759.5830078125
2409,0.46180614829063416,0,19498,97.48999786376953,9760.044921875
2410,0.00022093456937000155,0,19498,97.48999786376953,9760.044921875
2411,3.5128543376922607,0,19498,97.48999786376953,9763.5576171875
2412,1.8466525077819824,6,19504,97.5199966430664,9765.404296875
2413,2.9877538681030273,0,19504,97.5199966430664,9768.3916015625
2414,0.09843020141124725,0,19504,97.5199966430664,9768.490234375
2415,4.618190288543701,0,19504,97.5199966430664,9773.1083984375
2416,0.05298013985157013,0,19504,97.5199966430664,9773.1611328125
2417,1.9378740787506104,0,19504,97.5199966430664,9775.0986328125
2418,4.743536192108877e-05,0,19504,97.5199966430664,9775.0986328125
2419,0.8512912392616272,0,19504,97.5199966430664,9775.9501953125
2420,0.00013813376426696777,0,19504,97.5199966430664,9775.9501953125
2421,0.27320149540901184,0,19504,97.5199966430664,9776.2236328125
2422,0.00021100042795296758,0,19504,97.5199966430664,9776.2236328125
2423,3.806696891784668,0,19504,97.5199966430664,9780.0302734375
2424,12.54635238647461,0,19504,97.5199966430664,9792.576171875
2425,0.3065301477909088,0,19504,97.5199966430664,9792.8828125
2426,0.0001329317456111312,0,19504,97.5199966430664,9792.8828125
2427,4.7886786460876465,0,19504,97.5199966430664,9797.671875
2428,6.492969989776611,0,19504,97.5199966430664,9804.1650390625
2429,1.8964816331863403,0,19504,97.5199966430664,9806.0615234375
2430,5.899150371551514,0,19504,97.5199966430664,9811.9609375
2431,1.8910987377166748,0,19504,97.5199966430664,9813.8515625
2432,0.001298586605116725,0,19504,97.5199966430664,9813.8525390625
2433,2.767582654953003,0,19504,97.5199966430664,9816.6201171875
2434,19.065698623657227,0,19504,97.5199966430664,9835.685546875
2435,0.4026627838611603,0,19504,97.5199966430664,9836.087890625
2436,0.00011764398368541151,0,19504,97.5199966430664,9836.087890625
2437,4.748750686645508,0,19504,97.5199966430664,9840.8369140625
2438,13.29453182220459,0,19504,97.5199966430664,9854.1318359375
2439,1.4875445365905762,0,19504,97.5199966430664,9855.619140625
2440,0.00016433543351013213,0,19504,97.5199966430664,9855.619140625
2441,4.277744293212891,0,19504,97.5199966430664,9859.896484375
2442,5.666038990020752,1,19505,97.5250015258789,9865.5625
2443,1.7722716331481934,0,19505,97.5250015258789,9867.3349609375
2444,0.0006854040548205376,0,19505,97.5250015258789,9867.3359375
2445,4.271701335906982,0,19505,97.5250015258789,9871.607421875
2446,0.08131664991378784,0,19505,97.5250015258789,9871.6884765625
2447,0.10174287110567093,0,19505,97.5250015258789,9871.7900390625
2448,0.00489257276058197,0,19505,97.5250015258789,9871.794921875
2449,3.874462604522705,0,19505,97.5250015258789,9875.6689453125
2450,17.621490478515625,0,19505,97.5250015258789,9893.2900390625
2451,0.5838130712509155,0,19505,97.5250015258789,9893.8740234375
2452,0.000152587890625,0,19505,97.5250015258789,9893.8740234375
2453,2.0436463356018066,0,19505,97.5250015258789,9895.91796875
2454,0.5665832757949829,0,19505,97.5250015258789,9896.484375
2455,3.858093738555908,0,19505,97.5250015258789,9900.3427734375
2456,22.646930694580078,0,19505,97.5250015258789,9922.9892578125
2457,3.0600461959838867,0,19505,97.5250015258789,9926.048828125
2458,0.0014645358314737678,0,19505,97.5250015258789,9926.0498046875
2459,0.5397010445594788,0,19505,97.5250015258789,9926.58984375
2460,5.775745868682861,0,19505,97.5250015258789,9932.365234375
2461,3.1089768409729004,0,19505,97.5250015258789,9935.474609375
2462,0.6903290748596191,2,19507,97.53500366210938,9936.1650390625
2463,3.506147623062134,0,19507,97.53500366210938,9939.6708984375
2464,0.195194810628891,2,19509,97.54499816894531,9939.8662109375
2465,2.7341339588165283,0,19509,97.54499816894531,9942.6005859375
2466,11.5617094039917,0,19509,97.54499816894531,9954.162109375
2467,0.018205489963293076,0,19509,97.54499816894531,9954.1806640625
2468,0.0005765757523477077,0,19509,97.54499816894531,9954.181640625
2469,0.3247595429420471,0,19509,97.54499816894531,9954.5068359375
2470,0.0010073184967041016,0,19509,97.54499816894531,9954.5078125
2471,3.1477890014648438,0,19509,97.54499816894531,9957.6552734375
2472,12.379964828491211,0,19509,97.54499816894531,9970.03515625
2473,3.743387222290039,0,19509,97.54499816894531,9973.7783203125
2474,12.917289733886719,0,19509,97.54499816894531,9986.6953125
2475,1.2128946781158447,0,19509,97.54499816894531,9987.908203125
2476,2.3060827516019344e-05,0,19509,97.54499816894531,9987.908203125
2477,0.8609711527824402,0,19509,97.54499816894531,9988.76953125
2478,0.0002324581000721082,0,19509,97.54499816894531,9988.76953125
2479,2.196207046508789,0,19509,97.54499816894531,9990.9658203125
2480,9.03977108001709,0,19509,97.54499816894531,10000.005859375
2481,1.9498035907745361,0,19509,97.54499816894531,10001.9560546875
2482,0.00034809112548828125,0,19509,97.54499816894531,10001.9560546875
2483,3.4089908599853516,0,19509,97.54499816894531,10005.365234375
2484,19.15494155883789,0,19509,97.54499816894531,10024.5205078125
2485,1.0913408994674683,0,19509,97.54499816894531,10025.6123046875
2486,0.22677147388458252,0,19509,97.54499816894531,10025.8388671875
2487,3.601067543029785,0,19509,97.54499816894531,10029.439453125
2488,0.10959547758102417,0,19509,97.54499816894531,10029.548828125
2489,0.2713918685913086,0,19509,97.54499816894531,10029.8203125
2490,9.5367431640625e-06,0,19509,97.54499816894531,10029.8203125
2491,0.07055623084306717,0,19509,97.54499816894531,10029.890625
2492,2.4239221602329053e-05,0,19509,97.54499816894531,10029.890625
2493,2.8574163913726807,0,19509,97.54499816894531,10032.748046875
2494,19.849063873291016,0,19509,97.54499816894531,10052.5966796875
2495,1.063296914100647,0,19509,97.54499816894531,10053.66015625
2496,0.00012954075646121055,0,19509,97.54499816894531,10053.66015625
2497,3.710676908493042,0,19509,97.54499816894531,10057.37109375
2498,7.044924736022949,1,19510,97.54999542236328,10064.416015625
2499,1.8794806003570557,0,19510,97.54999542236328,10066.2958984375
2500,9.65399169921875,1,19511,97.55500030517578,10075.9501953125
2501,2.7415719032287598,0,19511,97.55500030517578,10078.69140625
2502,12.47500991821289,0,19511,97.55500030517578,10091.166015625
2503,0.8478639721870422,0,19511,97.55500030517578,10092.013671875
2504,0.0001331194071099162,0,19511,97.55500030517578,10092.013671875
2505,3.4362778663635254,0,19511,97.55500030517578,10095.4501953125
2506,27.09078025817871,1,19512,97.55999755859375,10122.541015625
2507,3.334052085876465,0,19512,97.55999755859375,10125.875
2508,15.222599983215332,0,19512,97.55999755859375,10141.09765625
2509,3.558881998062134,0,19512,97.55999755859375,10144.65625
2510,17.320486068725586,0,19512,97.55999755859375,10161.9765625
2511,4.932785987854004,0,19512,97.55999755859375,10166.9091796875
2512,17.501569747924805,0,19512,97.55999755859375,10184.4111328125
2513,0.056281138211488724,0,19512,97.55999755859375,10184.4677734375
2514,0.00010292961815139279,0,19512,97.55999755859375,10184.4677734375
2515,1.6022906303405762,0,19512,97.55999755859375,10186.0703125
2516,0.0002864996495191008,0,19512,97.55999755859375,10186.0703125
2517,1.5920294523239136,0,19512,97.55999755859375,10187.662109375
2518,7.906035423278809,0,19512,97.55999755859375,10195.568359375
2519,1.421876072883606,0,19512,97.55999755859375,10196.990234375
2520,0.00031471476540900767,0,19512,97.55999755859375,10196.990234375
2521,4.950096130371094,0,19512,97.55999755859375,10201.9404296875
2522,12.7395601272583,0,19512,97.55999755859375,10214.6796875
2523,0.596661388874054,0,19512,97.55999755859375,10215.2763671875
2524,0.0007685025339014828,0,19512,97.55999755859375,10215.27734375
2525,1.3543152809143066,0,19512,97.55999755859375,10216.6318359375
2526,0.00010728835331974551,0,19512,97.55999755859375,10216.6318359375
2527,1.0338985919952393,0,19512,97.55999755859375,10217.666015625
2528,0.00011761982750613242,0,19512,97.55999755859375,10217.666015625
2529,0.42182791233062744,0,19512,97.55999755859375,10218.087890625
2530,0.0002304712834302336,0,19512,97.55999755859375,10218.087890625
2531,4.439530372619629,0,19512,97.55999755859375,10222.52734375
2532,8.617409706115723,0,19512,97.55999755859375,10231.14453125
2533,2.9355762004852295,0,19512,97.55999755859375,10234.080078125
2534,0.01771659404039383,0,19512,97.55999755859375,10234.09765625
2535,1.7923675775527954,0,19512,97.55999755859375,10235.8896484375
2536,0.0001510719012003392,0,19512,97.55999755859375,10235.8896484375
2537,2.6675379276275635,0,19512,97.55999755859375,10238.5576171875
2538,0.0010046326788142323,0,19512,97.55999755859375,10238.55859375
2539,1.3373578786849976,0,19512,97.55999755859375,10239.8955078125
2540,0.00014497755910269916,0,19512,97.55999755859375,10239.8955078125
2541,0.9058951735496521,0,19512,97.55999755859375,10240.8017578125
2542,0.0004960648948326707,0,19512,97.55999755859375,10240.802734375
2543,0.309579461812973,0,19512,97.55999755859375,10241.1123046875
2544,0.00033299269853159785,0,19512,97.55999755859375,10241.1123046875
2545,3.734297275543213,0,19512,97.55999755859375,10244.8466796875
2546,16.173715591430664,1,19513,97.56500244140625,10261.0205078125
2547,3.1093082427978516,0,19513,97.56500244140625,10264.1298828125
2548,9.022483825683594,0,19513,97.56500244140625,10273.15234375
2549,2.7680933475494385,0,19513,97.56500244140625,10275.9208984375
2550,2.415076971054077,0,19513,97.56500244140625,10278.3359375
2551,4.45296049118042,0,19513,97.56500244140625,10282.7890625
2552,0.5481141209602356,0,19513,97.56500244140625,10283.3369140625
2553,2.6009938716888428,0,19513,97.56500244140625,10285.9375
2554,9.679332733154297,0,19513,97.56500244140625,10295.6171875
2555,4.575947284698486,0,19513,97.56500244140625,10300.193359375
2556,9.10805892944336,0,19513,97.56500244140625,10309.3017578125
2557,1.4993950128555298,0,19513,97.56500244140625,10310.80078125
2558,0.00024530512746423483,0,19513,97.56500244140625,10310.80078125
2559,2.179957389831543,0,19513,97.56500244140625,10312.98046875
2560,0.00030114472610875964,0,19513,97.56500244140625,10312.98046875
2561,1.324862003326416,0,19513,97.56500244140625,10314.3056640625
2562,3.3084008464356884e-05,0,19513,97.56500244140625,10314.3056640625
2563,3.0256006717681885,0,19513,97.56500244140625,10317.3310546875
2564,4.605854511260986,0,19513,97.56500244140625,10321.9365234375
2565,3.965789794921875,0,19513,97.56500244140625,10325.90234375
2566,3.403881311416626,0,19513,97.56500244140625,10329.306640625
2567,3.8026819229125977,0,19513,97.56500244140625,10333.109375
2568,11.545853614807129,0,19513,97.56500244140625,10344.6552734375
2569,4.403957843780518,0,19513,97.56500244140625,10349.0595703125
2570,8.626554489135742,0,19513,97.56500244140625,10357.6865234375
2571,0.6763469576835632,0,19513,97.56500244140625,10358.36328125
2572,0.0004615386133082211,0,19513,97.56500244140625,10358.36328125
2573,3.7470781803131104,0,19513,97.56500244140625,10362.1103515625
2574,0.0020613272208720446,0,19513,97.56500244140625,10362.1123046875
2575,4.005058765411377,0,19513,97.56500244140625,10366.1171875
2576,20.826059341430664,0,19513,97.56500244140625,10386.943359375
2577,1.8480488061904907,0,19513,97.56500244140625,10388.791015625
2578,0.00013193451741244644,0,19513,97.56500244140625,10388.791015625
2579,0.8914709687232971,0,19513,97.56500244140625,10389.6826171875
2580,6.238619243958965e-05,0,19513,97.56500244140625,10389.6826171875
2581,1.0463823080062866,0,19513,97.56500244140625,10390.728515625
2582,0.0003735224308911711,0,19513,97.56500244140625,10390.728515625
2583,3.627274990081787,0,19513,97.56500244140625,10394.35546875
2584,25.671266555786133,0,19513,97.56500244140625,10420.0263671875
2585,3.690209150314331,0,19513,97.56500244140625,10423.716796875
2586,17.751235961914062,0,19513,97.56500244140625,10441.4677734375
2587,4.356858253479004,0,19513,97.56500244140625,10445.82421875
2588,13.381854057312012,0,19513,97.56500244140625,10459.2060546875
2589,1.9751297235488892,0,19513,97.56500244140625,10461.181640625
2590,0.0003727285366039723,0,19513,97.56500244140625,10461.181640625
2591,2.6393232345581055,0,19513,97.56500244140625,10463.8212890625
2592,15.385557174682617,1,19514,97.56999969482422,10479.20703125
2593,3.8171956539154053,0,19514,97.56999969482422,10483.0244140625
2594,3.0080723762512207,0,19514,97.56999969482422,10486.0322265625
2595,0.2314997762441635,0,19514,97.56999969482422,10486.263671875
2596,0.0013168652076274157,0,19514,97.56999969482422,10486.2646484375
2597,3.7041003704071045,0,19514,97.56999969482422,10489.96875
2598,0.000523726106621325,0,19514,97.56999969482422,10489.9697265625
2599,3.483769655227661,0,19514,97.56999969482422,10493.453125
2600,12.349139213562012,0,19514,97.56999969482422,10505.802734375
2601,3.076563835144043,0,19514,97.56999969482422,10508.87890625
2602,9.504566192626953,0,19514,97.56999969482422,10518.3837890625
2603,3.0357882976531982,0,19514,97.56999969482422,10521.419921875
2604,11.636689186096191,0,19514,97.56999969482422,10533.056640625
2605,3.3025929927825928,0,19514,97.56999969482422,10536.359375
2606,12.974913597106934,0,19514,97.56999969482422,10549.333984375
2607,2.8988490104675293,0,19514,97.56999969482422,10552.232421875
2608,0.005098879337310791,0,19514,97.56999969482422,10552.2373046875
2609,2.4097275733947754,0,19514,97.56999969482422,10554.6474609375
2610,2.880891088352655e-06,0,19514,97.56999969482422,10554.6474609375
2611,3.099832057952881,0,19514,97.56999969482422,10557.7470703125
2612,12.823315620422363,0,19514,97.56999969482422,10570.5703125
2613,1.613939881324768,0,19514,97.56999969482422,10572.1845703125
2614,0.0002511342172510922,0,19514,97.56999969482422,10572.1845703125
2615,0.18844719231128693,0,19514,97.56999969482422,10572.373046875
2616,0.0001943111274158582,0,19514,97.56999969482422,10572.373046875
2617,1.1607121229171753,0,19514,97.56999969482422,10573.5341796875
2618,6.834665691712871e-05,0,19514,97.56999969482422,10573.5341796875
2619,2.191713571548462,0,19514,97.56999969482422,10575.7255859375
2620,7.716830253601074,0,19514,97.56999969482422,10583.4423828125
2621,3.657601833343506,0,19514,97.56999969482422,10587.099609375
2622,0.08426368236541748,0,19514,97.56999969482422,10587.18359375
2623,2.102914810180664,0,19514,97.56999969482422,10589.2861328125
2624,13.767742156982422,0,19514,97.56999969482422,10603.0537109375
2625,0.16283853352069855,0,19514,97.56999969482422,10603.216796875
2626,0.00021457692491821945,0,19514,97.56999969482422,10603.216796875
2627,3.9671497344970703,0,19514,97.56999969482422,10607.18359375
2628,6.633179664611816,0,19514,97.56999969482422,10613.81640625
2629,1.4547513723373413,0,19514,97.56999969482422,10615.271484375
2630,0.0010520219802856445,0,19514,97.56999969482422,10615.2724609375
2631,2.365557909011841,0,19514,97.56999969482422,10617.6376953125
2632,7.530052971560508e-05,0,19514,97.56999969482422,10617.6376953125
2633,0.43154841661453247,0,19514,97.56999969482422,10618.0693359375
2634,1.629193502594717e-05,0,19514,97.56999969482422,10618.0693359375
2635,0.5251789093017578,0,19514,97.56999969482422,10618.5947265625
2636,0.00013271966599859297,0,19514,97.56999969482422,10618.5947265625
2637,3.6468753814697266,0,19514,97.56999969482422,10622.2412109375
2638,9.490914344787598,0,19514,97.56999969482422,10631.732421875
2639,0.8803092837333679,0,19514,97.56999969482422,10632.6123046875
2640,7.154322520364076e-05,0,19514,97.56999969482422,10632.6123046875
2641,2.9720778465270996,0,19514,97.56999969482422,10635.583984375
2642,3.641608715057373,0,19514,97.56999969482422,10639.2255859375
2643,0.6149268746376038,0,19514,97.56999969482422,10639.8408203125
2644,4.053894735989161e-05,0,19514,97.56999969482422,10639.8408203125
2645,1.4015411138534546,0,19514,97.56999969482422,10641.2421875
2646,0.0003163019719067961,0,19514,97.56999969482422,10641.2421875
2647,3.5960254669189453,0,19514,97.56999969482422,10644.837890625
2648,0.004721879959106445,0,19514,97.56999969482422,10644.8427734375
2649,4.032079696655273,0,19514,97.56999969482422,10648.875
2650,0.0005590915679931641,0,19514,97.56999969482422,10648.8759765625
2651,3.6766891479492188,0,19514,97.56999969482422,10652.552734375
2652,0.001101891160942614,0,19514,97.56999969482422,10652.5537109375
2653,0.28861647844314575,0,19514,97.56999969482422,10652.8427734375
2654,0.0006481011514551938,0,19514,97.56999969482422,10652.84375
2655,0.49079424142837524,0,19514,97.56999969482422,10653.3349609375
2656,0.0019808609504252672,0,19514,97.56999969482422,10653.3369140625
2657,4.338885307312012,0,19514,97.56999969482422,10657.67578125
2658,0.0013128916034474969,0,19514,97.56999969482422,10657.6767578125
2659,2.852327585220337,0,19514,97.56999969482422,10660.529296875
2660,25.67554473876953,0,19514,97.56999969482422,10686.205078125
2661,3.8480517864227295,0,19514,97.56999969482422,10690.052734375
2662,6.724557399749756,1,19515,97.57500457763672,10696.77734375
2663,2.765866279602051,0,19515,97.57500457763672,10699.54296875
2664,22.774084091186523,0,19515,97.57500457763672,10722.3173828125
2665,1.0749067068099976,0,19515,97.57500457763672,10723.392578125
2666,3.0638308089692146e-05,0,19515,97.57500457763672,10723.392578125
2667,4.267812252044678,0,19515,97.57500457763672,10727.66015625
2668,2.9142906665802,0,19515,97.57500457763672,10730.57421875
2669,1.3511548042297363,0,19515,97.57500457763672,10731.92578125
2670,5.722045534639619e-05,0,19515,97.57500457763672,10731.92578125
2671,3.3978755474090576,0,19515,97.57500457763672,10735.3232421875
2672,22.25653648376465,0,19515,97.57500457763672,10757.580078125
2673,4.653162479400635,0,19515,97.57500457763672,10762.2333984375
2674,21.851497650146484,0,19515,97.57500457763672,10784.0849609375
2675,3.3002350330352783,0,19515,97.57500457763672,10787.384765625
2676,0.024126369506120682,0,19515,97.57500457763672,10787.4091796875
2677,2.500929832458496,0,19515,97.57500457763672,10789.91015625
2678,4.76837158203125e-06,0,19515,97.57500457763672,10789.91015625
2679,0.48978564143180847,0,19515,97.57500457763672,10790.400390625
2680,0.00010093052696902305,0,19515,97.57500457763672,10790.400390625
2681,3.2784793376922607,0,19515,97.57500457763672,10793.6787109375
2682,4.229010581970215,0,19515,97.57500457763672,10797.908203125
2683,4.325919151306152,0,19515,97.57500457763672,10802.234375
2684,9.245441436767578,0,19515,97.57500457763672,10811.4794921875
2685,2.5823113918304443,0,19515,97.57500457763672,10814.0615234375
2686,14.832052230834961,0,19515,97.57500457763672,10828.8935546875
2687,3.9308578968048096,0,19515,97.57500457763672,10832.82421875
2688,12.857658386230469,0,19515,97.57500457763672,10845.681640625
2689,2.2936031818389893,0,19515,97.57500457763672,10847.9755859375
2690,8.900959801394492e-05,0,19515,97.57500457763672,10847.9755859375
2691,0.014626849442720413,0,19515,97.57500457763672,10847.990234375
2692,9.218851482728496e-05,0,19515,97.57500457763672,10847.990234375
2693,3.9705190658569336,0,19515,97.57500457763672,10851.9609375
2694,6.651158809661865,0,19515,97.57500457763672,10858.6123046875
2695,4.838230609893799,0,19515,97.57500457763672,10863.4501953125
2696,5.898331642150879,0,19515,97.57500457763672,10869.3486328125
2697,3.5721957683563232,0,19515,97.57500457763672,10872.9208984375
2698,15.716364860534668,0,19515,97.57500457763672,10888.6376953125
2699,2.7788326740264893,0,19515,97.57500457763672,10891.4169921875
2700,20.781465530395508,0,19515,97.57500457763672,10912.1982421875
2701,1.0072145462036133,0,19515,97.57500457763672,10913.205078125
2702,0.000410477485274896,0,19515,97.57500457763672,10913.205078125
2703,2.494065523147583,0,19515,97.57500457763672,10915.69921875
2704,7.325001239776611,0,19515,97.57500457763672,10923.0244140625
2705,2.983647346496582,0,19515,97.57500457763672,10926.0078125
2706,0.000829199911095202,0,19515,97.57500457763672,10926.0087890625
2707,1.7851135730743408,0,19515,97.57500457763672,10927.7939453125
2708,8.411445617675781,0,19515,97.57500457763672,10936.205078125
2709,1.3878477811813354,0,19515,97.57500457763672,10937.5927734375
2710,1.3516227227228228e-05,0,19515,97.57500457763672,10937.5927734375
2711,1.4593852758407593,0,19515,97.57500457763672,10939.0517578125
2712,0.0004732608504127711,0,19515,97.57500457763672,10939.0517578125
2713,4.635753154754639,0,19515,97.57500457763672,10943.6875
2714,0.5109929442405701,1,19516,97.57999420166016,10944.1982421875
2715,1.0756337642669678,0,19516,97.57999420166016,10945.2734375
2716,0.006335178855806589,0,19516,97.57999420166016,10945.279296875
2717,0.4421006739139557,0,19516,97.57999420166016,10945.7216796875
2718,25.933046340942383,0,19516,97.57999420166016,10971.654296875
2719,2.1779165267944336,0,19516,97.57999420166016,10973.83203125
2720,6.543307304382324,0,19516,97.57999420166016,10980.375
2721,0.5739749073982239,0,19516,97.57999420166016,10980.94921875
2722,0.00011762049689423293,0,19516,97.57999420166016,10980.94921875
2723,3.034883737564087,0,19516,97.57999420166016,10983.984375
2724,0.19285200536251068,0,19516,97.57999420166016,10984.1767578125
2725,3.097907066345215,0,19516,97.57999420166016,10987.2744140625
2726,0.00013192494225222617,0,19516,97.57999420166016,10987.2744140625
2727,3.039766550064087,0,19516,97.57999420166016,10990.314453125
2728,0.008708635345101357,0,19516,97.57999420166016,10990.3232421875
2729,3.4540212154388428,0,19516,97.57999420166016,10993.77734375
2730,0.6594582200050354,0,19516,97.57999420166016,10994.4365234375
2731,0.279798299074173,0,19516,97.57999420166016,10994.716796875
2732,0.0008237361325882375,0,19516,97.57999420166016,10994.7177734375
2733,2.316467523574829,0,19516,97.57999420166016,10997.0341796875
2734,17.950191497802734,0,19516,97.57999420166016,11014.984375
2735,2.979295015335083,0,19516,97.57999420166016,11017.9638671875
2736,9.333281517028809,4,19520,97.5999984741211,11027.296875
2737,3.4970545768737793,0,19520,97.5999984741211,11030.7939453125
2738,0.0018835068913176656,0,19520,97.5999984741211,11030.7958984375
2739,0.2736268639564514,0,19520,97.5999984741211,11031.0693359375
2740,0.0009202956571243703,0,19520,97.5999984741211,11031.0703125
2741,1.803059458732605,0,19520,97.5999984741211,11032.873046875
2742,9.637918472290039,0,19520,97.5999984741211,11042.5107421875
2743,0.5114650130271912,0,19520,97.5999984741211,11043.0224609375
2744,0.0023305718787014484,0,19520,97.5999984741211,11043.0244140625
2745,2.715925931930542,0,19520,97.5999984741211,11045.740234375
2746,16.75031852722168,0,19520,97.5999984741211,11062.490234375
2747,1.5019084215164185,0,19520,97.5999984741211,11063.9921875
2748,0.0010891766287386417,0,19520,97.5999984741211,11063.9931640625
2749,1.7391178607940674,0,19520,97.5999984741211,11065.732421875
2750,6.039937215973623e-05,0,19520,97.5999984741211,11065.732421875
2751,3.6141748428344727,0,19520,97.5999984741211,11069.3466796875
2752,5.405307292938232,0,19520,97.5999984741211,11074.751953125
2753,3.642143726348877,0,19520,97.5999984741211,11078.39453125
2754,15.67129898071289,0,19520,97.5999984741211,11094.0654296875
2755,1.302706003189087,0,19520,97.5999984741211,11095.3681640625
2756,0.0003751118783839047,0,19520,97.5999984741211,11095.3681640625
2757,0.5830097794532776,0,19520,97.5999984741211,11095.951171875
2758,0.0008853276376612484,0,19520,97.5999984741211,11095.9521484375
2759,4.970831871032715,0,19520,97.5999984741211,11100.9228515625
2760,15.342110633850098,0,19520,97.5999984741211,11116.2646484375
2761,1.642974615097046,0,19520,97.5999984741211,11117.9072265625
2762,3.834538698196411,0,19520,97.5999984741211,11121.7421875
2763,2.7546260356903076,0,19520,97.5999984741211,11124.4970703125
2764,21.579811096191406,0,19520,97.5999984741211,11146.0771484375
2765,0.019197383895516396,0,19520,97.5999984741211,11146.0966796875
2766,0.00017404738173354417,0,19520,97.5999984741211,11146.0966796875
2767,0.36300063133239746,0,19520,97.5999984741211,11146.4599609375
2768,8.66254122229293e-05,0,19520,97.5999984741211,11146.4599609375
2769,0.08784040063619614,0,19520,97.5999984741211,11146.5478515625
2770,6.67572021484375e-05,0,19520,97.5999984741211,11146.5478515625
2771,3.2041168212890625,0,19520,97.5999984741211,11149.751953125
2772,18.502262115478516,0,19520,97.5999984741211,11168.25390625
2773,2.1310150623321533,0,19520,97.5999984741211,11170.384765625
2774,0.0006461148150265217,0,19520,97.5999984741211,11170.3857421875
2775,1.5586172342300415,0,19520,97.5999984741211,11171.9443359375
2776,3.8941700040595606e-05,0,19520,97.5999984741211,11171.9443359375
2777,4.284438610076904,0,19520,97.5999984741211,11176.228515625
2778,13.631370544433594,0,19520,97.5999984741211,11189.8603515625
2779,0.42974334955215454,0,19520,97.5999984741211,11190.2900390625
2780,0.005230903625488281,0,19520,97.5999984741211,11190.294921875
2781,1.4970325231552124,0,19520,97.5999984741211,11191.7919921875
2782,9.561772346496582,0,19520,97.5999984741211,11201.353515625
2783,4.205475807189941,0,19520,97.5999984741211,11205.55859375
2784,7.492762088775635,0,19520,97.5999984741211,11213.0517578125
2785,4.8490424156188965,0,19520,97.5999984741211,11217.900390625
2786,5.077704906463623,0,19520,97.5999984741211,11222.978515625
2787,4.01239013671875,0,19520,97.5999984741211,11226.9912109375
2788,0.0009695688495412469,0,19520,97.5999984741211,11226.9921875
2789,4.09739351272583,0,19520,97.5999984741211,11231.08984375
2790,15.766690254211426,0,19520,97.5999984741211,11246.8564453125
2791,2.2179648876190186,0,19520,97.5999984741211,11249.07421875
2792,0.00029525384888984263,0,19520,97.5999984741211,11249.07421875
2793,4.402067184448242,0,19520,97.5999984741211,11253.4765625
2794,6.021456241607666,0,19520,97.5999984741211,11259.498046875
2795,4.140405178070068,0,19520,97.5999984741211,11263.638671875
2796,8.951598167419434,0,19520,97.5999984741211,11272.58984375
2797,2.883528232574463,0,19520,97.5999984741211,11275.4736328125
2798,0.00044445248204283416,0,19520,97.5999984741211,11275.4736328125
2799,1.310288667678833,0,19520,97.5999984741211,11276.7841796875
2800,3.457069396972656e-05,0,19520,97.5999984741211,11276.7841796875
2801,1.0727927684783936,0,19520,97.5999984741211,11277.857421875
2802,0.00032782554626464844,0,19520,97.5999984741211,11277.857421875
2803,1.9497647285461426,0,19520,97.5999984741211,11279.8076171875
2804,0.00016013780259527266,0,19520,97.5999984741211,11279.8076171875
2805,3.4585208892822266,0,19520,97.5999984741211,11283.2666015625
2806,14.2162446975708,0,19520,97.5999984741211,11297.482421875
2807,2.711409091949463,0,19520,97.5999984741211,11300.193359375
2808,3.432878017425537,0,19520,97.5999984741211,11303.6259765625
2809,1.5632257461547852,0,19520,97.5999984741211,11305.189453125
2810,16.947851181030273,0,19520,97.5999984741211,11322.1376953125
2811,1.7978856563568115,0,19520,97.5999984741211,11323.935546875
2812,0.0008495681104250252,0,19520,97.5999984741211,11323.9365234375
2813,0.2983783185482025,0,19520,97.5999984741211,11324.2353515625
2814,0.0005276997690089047,0,19520,97.5999984741211,11324.236328125
2815,3.819061517715454,0,19520,97.5999984741211,11328.0556640625
2816,0.0018501280574128032,0,19520,97.5999984741211,11328.0576171875
2817,4.418013095855713,0,19520,97.5999984741211,11332.4755859375
2818,0.0017579395789653063,0,19520,97.5999984741211,11332.4775390625
2819,3.5073649883270264,0,19520,97.5999984741211,11335.9853515625
2820,0.00035762786865234375,0,19520,97.5999984741211,11335.9853515625
2821,3.0608065128326416,0,19520,97.5999984741211,11339.0458984375
2822,2.83703875541687,0,19520,97.5999984741211,11341.8828125
2823,3.8462255001068115,0,19520,97.5999984741211,11345.7294921875
2824,0.0009830791968852282,0,19520,97.5999984741211,11345.73046875
2825,4.142678737640381,0,19520,97.5999984741211,11349.873046875
2826,16.196306228637695,0,19520,97.5999984741211,11366.0693359375
2827,2.2767815589904785,0,19520,97.5999984741211,11368.345703125
2828,6.969263076782227,0,19520,97.5999984741211,11375.3154296875
2829,2.215069055557251,0,19520,97.5999984741211,11377.5302734375
2830,0.00036199885653331876,0,19520,97.5999984741211,11377.5302734375
2831,3.558274269104004,0,19520,97.5999984741211,11381.0888671875
2832,0.002040465595200658,0,19520,97.5999984741211,11381.0908203125
2833,3.526644468307495,0,19520,97.5999984741211,11384.6171875
2834,0.000347693741787225,0,19520,97.5999984741211,11384.6171875
2835,3.1166744232177734,0,19520,97.5999984741211,11387.7333984375
2836,13.26115894317627,0,19520,97.5999984741211,11400.994140625
2837,3.3513376712799072,0,19520,97.5999984741211,11404.345703125
2838,7.169416427612305,0,19520,97.5999984741211,11411.5146484375
2839,1.2166357040405273,0,19520,97.5999984741211,11412.7314453125
2840,0.002258618827909231,0,19520,97.5999984741211,11412.7333984375
2841,0.09606243669986725,0,19520,97.5999984741211,11412.8291015625
2842,0.0015854834346100688,0,19520,97.5999984741211,11412.8310546875
2843,4.717224597930908,0,19520,97.5999984741211,11417.5478515625
2844,19.28229522705078,0,19520,97.5999984741211,11436.830078125
2845,0.06365280598402023,0,19520,97.5999984741211,11436.8935546875
2846,0.00012093986879335716,0,19520,97.5999984741211,11436.8935546875
2847,3.6589512825012207,0,19520,97.5999984741211,11440.552734375
2848,25.415809631347656,0,19520,97.5999984741211,11465.96875
2849,3.6539719104766846,0,19520,97.5999984741211,11469.623046875
2850,13.056879997253418,0,19520,97.5999984741211,11482.6796875
2851,1.9694325923919678,0,19520,97.5999984741211,11484.6494140625
2852,0.00037327714380808175,0,19520,97.5999984741211,11484.6494140625
2853,1.3990795612335205,0,19520,97.5999984741211,11486.048828125
2854,1.2093627447029576e-05,0,19520,97.5999984741211,11486.048828125
2855,3.239946126937866,0,19520,97.5999984741211,11489.2890625
2856,2.882032632827759,0,19520,97.5999984741211,11492.1708984375
2857,0.8990691304206848,0,19520,97.5999984741211,11493.0703125
2858,7.848045061109588e-05,0,19520,97.5999984741211,11493.0703125
2859,3.125335216522217,0,19520,97.5999984741211,11496.1953125
2860,3.993454933166504,0,19520,97.5999984741211,11500.1884765625
2861,3.3228883743286133,0,19520,97.5999984741211,11503.51171875
2862,19.10826873779297,0,19520,97.5999984741211,11522.6201171875
2863,0.5895018577575684,0,19520,97.5999984741211,11523.2099609375
2864,0.00017366456449963152,0,19520,97.5999984741211,11523.2099609375
2865,0.5741703510284424,0,19520,97.5999984741211,11523.7841796875
2866,0.00037034350680187345,0,19520,97.5999984741211,11523.7841796875
2867,1.9248484373092651,0,19520,97.5999984741211,11525.708984375
2868,0.00012993812561035156,0,19520,97.5999984741211,11525.708984375
2869,2.4600610733032227,0,19520,97.5999984741211,11528.1689453125
2870,0.0007959206704981625,0,19520,97.5999984741211,11528.169921875
2871,3.9945526123046875,0,19520,97.5999984741211,11532.1640625
2872,6.782005310058594,0,19520,97.5999984741211,11538.9462890625
2873,0.7335175275802612,0,19520,97.5999984741211,11539.6796875
2874,6.720305827911943e-05,0,19520,97.5999984741211,11539.6796875
2875,3.0954227447509766,0,19520,97.5999984741211,11542.775390625
2876,11.085624694824219,0,19520,97.5999984741211,11553.861328125
2877,0.852960467338562,0,19520,97.5999984741211,11554.7138671875
2878,0.0001430514530511573,0,19520,97.5999984741211,11554.7138671875
2879,0.2519690990447998,0,19520,97.5999984741211,11554.9658203125
2880,0.0002106030733557418,0,19520,97.5999984741211,11554.9658203125
2881,3.9307494163513184,0,19520,97.5999984741211,11558.896484375
2882,9.328164100646973,0,19520,97.5999984741211,11568.224609375
2883,4.983295917510986,0,19520,97.5999984741211,11573.2080078125
2884,9.056899070739746,0,19520,97.5999984741211,11582.2646484375
2885,2.969965696334839,0,19520,97.5999984741211,11585.234375
2886,0.00024875006056390703,0,19520,97.5999984741211,11585.234375
2887,1.208125352859497,0,19520,97.5999984741211,11586.4423828125
2888,0.001931985141709447,0,19520,97.5999984741211,11586.4443359375
2889,0.6476009488105774,0,19520,97.5999984741211,11587.091796875
2890,0.0005110104684717953,0,19520,97.5999984741211,11587.0927734375
2891,4.0609049797058105,0,19520,97.5999984741211,11591.1533203125
2892,9.7252779006958,0,19520,97.5999984741211,11600.87890625
2893,4.015566825866699,0,19520,97.5999984741211,11604.89453125
2894,0.001518726465292275,0,19520,97.5999984741211,11604.896484375
2895,1.8230711221694946,0,19520,97.5999984741211,11606.7197265625
2896,7.073084270814434e-05,0,19520,97.5999984741211,11606.7197265625
2897,0.6327320337295532,0,19520,97.5999984741211,11607.3525390625
2898,6.357828533509746e-05,0,19520,97.5999984741211,11607.3525390625
2899,0.17580488324165344,0,19520,97.5999984741211,11607.5283203125
2900,2.5431314497836865e-05,0,19520,97.5999984741211,11607.5283203125
2901,0.6417129635810852,0,19520,97.5999984741211,11608.169921875
2902,0.00017404556274414062,0,19520,97.5999984741211,11608.169921875
2903,4.9010210037231445,0,19520,97.5999984741211,11613.0712890625
2904,14.4020357131958,0,19520,97.5999984741211,11627.4736328125
2905,2.1106419563293457,0,19520,97.5999984741211,11629.583984375
2906,8.550642967224121,0,19520,97.5999984741211,11638.134765625
2907,4.351796627044678,0,19520,97.5999984741211,11642.486328125
2908,3.873704433441162,0,19520,97.5999984741211,11646.3603515625
2909,1.5710147619247437,0,19520,97.5999984741211,11647.931640625
2910,16.708662033081055,0,19520,97.5999984741211,11664.640625
2911,3.7408287525177,0,19520,97.5999984741211,11668.3818359375
2912,12.87582015991211,0,19520,97.5999984741211,11681.2578125
2913,0.9608839154243469,0,19520,97.5999984741211,11682.21875
2914,3.579808981157839e-05,0,19520,97.5999984741211,11682.21875
2915,1.2577546834945679,0,19520,97.5999984741211,11683.4765625
2916,0.00041643777512945235,0,19520,97.5999984741211,11683.4765625
2917,0.0597311407327652,0,19520,97.5999984741211,11683.5361328125
2918,0.0003862380690407008,0,19520,97.5999984741211,11683.5361328125
2919,3.061581611633301,0,19520,97.5999984741211,11686.59765625
2920,0.0006016095285303891,0,19520,97.5999984741211,11686.5986328125
2921,2.0929834842681885,0,19520,97.5999984741211,11688.69140625
2922,5.918221473693848,1,19521,97.6050033569336,11694.609375
2923,2.2810637950897217,0,19521,97.6050033569336,11696.890625
2924,14.909390449523926,1,19522,97.61000061035156,11711.7998046875
2925,3.5772199630737305,0,19522,97.61000061035156,11715.376953125
2926,10.107307434082031,0,19522,97.61000061035156,11725.484375
2927,2.800283432006836,0,19522,97.61000061035156,11728.2841796875
2928,3.903743267059326,0,19522,97.61000061035156,11732.1875
2929,0.11032234877347946,0,19522,97.61000061035156,11732.2978515625
2930,6.934006523806602e-05,0,19522,97.61000061035156,11732.2978515625
2931,0.23025287687778473,0,19522,97.61000061035156,11732.5283203125
2932,2.016623693634756e-05,0,19522,97.61000061035156,11732.5283203125
2933,1.5483689308166504,0,19522,97.61000061035156,11734.0771484375
2934,0.00043094155262224376,0,19522,97.61000061035156,11734.0771484375
2935,2.4913547039031982,0,19522,97.61000061035156,11736.568359375
2936,0.00025490918778814375,0,19522,97.61000061035156,11736.568359375
2937,0.04938719794154167,0,19522,97.61000061035156,11736.6181640625
2938,0.00027169781969860196,0,19522,97.61000061035156,11736.6181640625
2939,0.17764942348003387,0,19522,97.61000061035156,11736.7958984375
2940,0.00021477539849001914,0,19522,97.61000061035156,11736.7958984375
2941,0.43064722418785095,0,19522,97.61000061035156,11737.2265625
2942,0.000374118477338925,0,19522,97.61000061035156,11737.2265625
2943,3.1275603771209717,0,19522,97.61000061035156,11740.3544921875
2944,0.0006925066118128598,0,19522,97.61000061035156,11740.35546875
2945,2.655089855194092,0,19522,97.61000061035156,11743.0107421875
2946,1.5373177528381348,0,19522,97.61000061035156,11744.5478515625
2947,1.6280817985534668,0,19522,97.61000061035156,11746.17578125
2948,6.675727490801364e-05,0,19522,97.61000061035156,11746.17578125
2949,0.8814821839332581,0,19522,97.61000061035156,11747.0576171875
2950,0.0003107388620264828,0,19522,97.61000061035156,11747.0576171875
2951,1.8468390703201294,0,19522,97.61000061035156,11748.904296875
2952,8.014575004577637,0,19522,97.61000061035156,11756.9189453125
2953,1.908568024635315,0,19522,97.61000061035156,11758.8271484375
2954,0.010581612586975098,0,19522,97.61000061035156,11758.837890625
2955,2.710052490234375,0,19522,97.61000061035156,11761.5478515625
2956,9.044995307922363,0,19522,97.61000061035156,11770.5927734375
2957,4.16428804397583,0,19522,97.61000061035156,11774.7568359375
2958,23.438655853271484,0,19522,97.61000061035156,11798.1953125
2959,1.4637171030044556,0,19522,97.61000061035156,11799.6591796875
2960,0.013068516738712788,0,19522,97.61000061035156,11799.671875
2961,3.033825635910034,0,19522,97.61000061035156,11802.7060546875
2962,0.0001255671086255461,0,19522,97.61000061035156,11802.7060546875
2963,1.8660402297973633,0,19522,97.61000061035156,11804.572265625
2964,0.008904138579964638,0,19522,97.61000061035156,11804.5810546875
2965,1.7788597345352173,0,19522,97.61000061035156,11806.3603515625
2966,21.539134979248047,0,19522,97.61000061035156,11827.8994140625
2967,4.22249174118042,0,19522,97.61000061035156,11832.1220703125
2968,4.385391712188721,0,19522,97.61000061035156,11836.5078125
2969,0.18855684995651245,0,19522,97.61000061035156,11836.6962890625
2970,0.00017086663865484297,0,19522,97.61000061035156,11836.6962890625
2971,1.1065995693206787,0,19522,97.61000061035156,11837.802734375
2972,7.549921429017559e-05,0,19522,97.61000061035156,11837.802734375
2973,4.328041076660156,0,19522,97.61000061035156,11842.130859375
2974,10.911258697509766,0,19522,97.61000061035156,11853.0419921875
2975,0.05022769048810005,0,19522,97.61000061035156,11853.091796875
2976,0.00047430393169634044,0,19522,97.61000061035156,11853.091796875
2977,3.810056209564209,0,19522,97.61000061035156,11856.9013671875
2978,9.202417373657227,0,19522,97.61000061035156,11866.103515625
2979,0.4913603663444519,0,19522,97.61000061035156,11866.5947265625
2980,3.2792184356367216e-05,0,19522,97.61000061035156,11866.5947265625
2981,3.152576208114624,0,19522,97.61000061035156,11869.7470703125
2982,7.146878719329834,0,19522,97.61000061035156,11876.8935546875
2983,4.006314754486084,0,19522,97.61000061035156,11880.8994140625
2984,9.457670211791992,0,19522,97.61000061035156,11890.357421875
2985,0.4232873022556305,0,19522,97.61000061035156,11890.7802734375
2986,0.0002185528283007443,0,19522,97.61000061035156,11890.7802734375
2987,2.157979965209961,0,19522,97.61000061035156,11892.9384765625
2988,0.0003282229008618742,0,19522,97.61000061035156,11892.9384765625
2989,2.448143720626831,0,19522,97.61000061035156,11895.38671875
2990,0.0003170967102050781,0,19522,97.61000061035156,11895.38671875
2991,4.96812105178833,0,19522,97.61000061035156,11900.3544921875
2992,7.55849552154541,0,19522,97.61000061035156,11907.9130859375
2993,1.537853479385376,0,19522,97.61000061035156,11909.451171875
2994,3.510529041290283,0,19522,97.61000061035156,11912.9619140625
2995,4.0206499099731445,0,19522,97.61000061035156,11916.982421875
2996,1.0533562898635864,0,19522,97.61000061035156,11918.0361328125
2997,1.7660614252090454,0,19522,97.61000061035156,11919.8017578125
2998,8.605926513671875,0,19522,97.61000061035156,11928.4072265625
2999,3.1405410766601562,0,19522,97.61000061035156,11931.5478515625
3000,21.34539794921875,0,19522,97.61000061035156,11952.8935546875
3001,2.3119711875915527,0,19522,97.61000061035156,11955.205078125
3002,0.0003322050906717777,0,19522,97.61000061035156,11955.205078125
3003,0.24750593304634094,0,19522,97.61000061035156,11955.4521484375
3004,0.00024159748863894492,0,19522,97.61000061035156,11955.4521484375
3005,2.7541027069091797,0,19522,97.61000061035156,11958.2060546875
3006,0.0006628036499023438,0,19522,97.61000061035156,11958.20703125
3007,1.8811616897583008,0,19522,97.61000061035156,11960.087890625
3008,7.582847595214844,0,19522,97.61000061035156,11967.6708984375
3009,2.723066568374634,0,19522,97.61000061035156,11970.3935546875
3010,21.393796920776367,0,19522,97.61000061035156,11991.787109375
3011,3.7401530742645264,0,19522,97.61000061035156,11995.52734375
3012,0.004343986511230469,0,19522,97.61000061035156,11995.53125
3013,1.1338720321655273,0,19522,97.61000061035156,11996.6650390625
3014,0.00033060708665288985,0,19522,97.61000061035156,11996.6650390625
3015,4.492082595825195,0,19522,97.61000061035156,12001.1572265625
3016,6.381765842437744,0,19522,97.61000061035156,12007.5390625
3017,1.7294129133224487,0,19522,97.61000061035156,12009.2685546875
3018,4.051872730255127,0,19522,97.61000061035156,12013.3203125
3019,4.782397270202637,0,19522,97.61000061035156,12018.1025390625
3020,3.5459580421447754,0,19522,97.61000061035156,12021.6484375
3021,4.060802459716797,0,19522,97.61000061035156,12025.708984375
3022,19.546581268310547,0,19522,97.61000061035156,12045.255859375
3023,4.76339054107666,0,19522,97.61000061035156,12050.01953125
3024,15.71362590789795,0,19522,97.61000061035156,12065.7333984375
3025,1.9222997426986694,0,19522,97.61000061035156,12067.6552734375
3026,0.000673646864015609,0,19522,97.61000061035156,12067.65625
3027,1.848467469215393,0,19522,97.61000061035156,12069.5048828125
3028,1.672356120252516e-05,0,19522,97.61000061035156,12069.5048828125
3029,2.7687408924102783,0,19522,97.61000061035156,12072.2734375
3030,9.982220649719238,0,19522,97.61000061035156,12082.255859375
3031,3.120999336242676,0,19522,97.61000061035156,12085.376953125
3032,3.660325765609741,0,19522,97.61000061035156,12089.037109375
3033,3.991223096847534,0,19522,97.61000061035156,12093.0283203125
3034,9.007554054260254,0,19522,97.61000061035156,12102.0361328125
3035,0.06630405783653259,0,19522,97.61000061035156,12102.1025390625
3036,1.291433932237851e-06,0,19522,97.61000061035156,12102.1025390625
3037,2.482835054397583,0,19522,97.61000061035156,12104.5849609375
3038,0.03430286794900894,0,19522,97.61000061035156,12104.619140625
3039,0.43345099687576294,0,19522,97.61000061035156,12105.052734375
3040,1.939398169517517,0,19522,97.61000061035156,12106.9921875
3041,4.888840675354004,0,19522,97.61000061035156,12111.880859375
3042,1.5438603162765503,0,19522,97.61000061035156,12113.4248046875
3043,0.4637907147407532,0,19522,97.61000061035156,12113.888671875
3044,0.0004633267526514828,0,19522,97.61000061035156,12113.888671875
3045,0.35844680666923523,0,19522,97.61000061035156,12114.2470703125
3046,0.0002932548522949219,0,19522,97.61000061035156,12114.2470703125
3047,2.0374274253845215,0,19522,97.61000061035156,12116.2841796875
3048,19.305137634277344,0,19522,97.61000061035156,12135.5888671875
3049,4.504441738128662,0,19522,97.61000061035156,12140.09375
3050,19.13623809814453,0,19522,97.61000061035156,12159.23046875
3051,3.630246877670288,0,19522,97.61000061035156,12162.8603515625
3052,3.8739278316497803,0,19522,97.61000061035156,12166.734375
3053,1.3156484365463257,0,19522,97.61000061035156,12168.0498046875
3054,8.026758587220684e-05,0,19522,97.61000061035156,12168.0498046875
3055,3.878408193588257,0,19522,97.61000061035156,12171.927734375
3056,9.983162879943848,0,19522,97.61000061035156,12181.9111328125
3057,3.760507106781006,0,19522,97.61000061035156,12185.671875
3058,12.713825225830078,0,19522,97.61000061035156,12198.3857421875
3059,0.5696214437484741,0,19522,97.61000061035156,12198.955078125
3060,0.00019193353364244103,0,19522,97.61000061035156,12198.955078125
3061,4.893631458282471,0,19522,97.61000061035156,12203.8486328125
3062,15.7520751953125,0,19522,97.61000061035156,12219.6005859375
3063,0.1364542692899704,0,19522,97.61000061035156,12219.7373046875
3064,0.0002753792505245656,0,19522,97.61000061035156,12219.7373046875
3065,1.5810104608535767,0,19522,97.61000061035156,12221.318359375
3066,0.000104672864836175,0,19522,97.61000061035156,12221.318359375
3067,4.70512580871582,0,19522,97.61000061035156,12226.0234375
3068,6.049956798553467,0,19522,97.61000061035156,12232.0732421875
3069,3.6677157878875732,0,19522,97.61000061035156,12235.7412109375
3070,5.6792378425598145,0,19522,97.61000061035156,12241.4208984375
3071,2.6667113304138184,0,19522,97.61000061035156,12244.087890625
3072,0.0013461543712764978,0,19522,97.61000061035156,12244.0888671875
3073,3.484469413757324,0,19522,97.61000061035156,12247.5732421875
3074,0.0003886747290380299,0,19522,97.61000061035156,12247.5732421875
3075,0.03137333318591118,0,19522,97.61000061035156,12247.6044921875
3076,0.0003736272337846458,0,19522,97.61000061035156,12247.6044921875
3077,1.2119863033294678,0,19522,97.61000061035156,12248.81640625
3078,2.684383434825577e-05,0,19522,97.61000061035156,12248.81640625
3079,1.147997260093689,0,19522,97.61000061035156,12249.96484375
3080,0.00024880209821276367,0,19522,97.61000061035156,12249.96484375
3081,4.219734191894531,0,19522,97.61000061035156,12254.1845703125
3082,6.105700492858887,1,19523,97.61499786376953,12260.2900390625
3083,0.855664074420929,0,19523,97.61499786376953,12261.1455078125
3084,0.0002562006120570004,0,19523,97.61499786376953,12261.1455078125
3085,0.600254476070404,0,19523,97.61499786376953,12261.74609375
3086,9.516874706605449e-05,0,19523,97.61499786376953,12261.74609375
3087,3.879469156265259,0,19523,97.61499786376953,12265.6259765625
3088,16.884647369384766,0,19523,97.61499786376953,12282.5107421875
3089,4.112387657165527,0,19523,97.61499786376953,12286.623046875
3090,12.33853816986084,0,19523,97.61499786376953,12298.9619140625
3091,2.481652021408081,0,19523,97.61499786376953,12301.443359375
3092,8.99492359161377,1,19524,97.6199951171875,12310.4384765625
3093,4.8574299812316895,0,19524,97.6199951171875,12315.2958984375
3094,19.046302795410156,0,19524,97.6199951171875,12334.341796875
3095,1.7859957218170166,0,19524,97.6199951171875,12336.1279296875
3096,0.0008356579346582294,0,19524,97.6199951171875,12336.12890625
3097,1.338729977607727,0,19524,97.6199951171875,12337.4677734375
3098,0.00012218952178955078,0,19524,97.6199951171875,12337.4677734375
3099,1.6477560997009277,0,19524,97.6199951171875,12339.115234375
3100,0.0017893313197419047,0,19524,97.6199951171875,12339.1171875
3101,4.866205215454102,0,19524,97.6199951171875,12343.9833984375
3102,18.27167510986328,3,19527,97.63500213623047,12362.2548828125
3103,3.004932165145874,0,19527,97.63500213623047,12365.259765625
3104,5.284247398376465,2,19529,97.64500427246094,12370.5439453125
3105,1.4232929944992065,0,19529,97.64500427246094,12371.966796875
3106,0.00026702880859375,0,19529,97.64500427246094,12371.966796875
3107,2.03078031539917,0,19529,97.64500427246094,12373.998046875
3108,0.00022729237389285117,0,19529,97.64500427246094,12373.998046875
3109,4.1793341636657715,0,19529,97.64500427246094,12378.177734375
3110,15.720333099365234,0,19529,97.64500427246094,12393.8984375
3111,1.2863541841506958,0,19529,97.64500427246094,12395.1845703125
3112,0.0002972327347379178,0,19529,97.64500427246094,12395.1845703125
3113,1.246738314628601,0,19529,97.64500427246094,12396.431640625
3114,1.9073486328125e-05,0,19529,97.64500427246094,12396.431640625
3115,2.3525478839874268,0,19529,97.64500427246094,12398.7841796875
3116,0.00219186139293015,0,19529,97.64500427246094,12398.7861328125
3117,3.3627517223358154,0,19529,97.64500427246094,12402.1484375
3118,8.310464859008789,0,19529,97.64500427246094,12410.458984375
3119,4.882215976715088,0,19529,97.64500427246094,12415.3408203125
3120,8.59632396697998,0,19529,97.64500427246094,12423.9375
3121,1.0974406003952026,0,19529,97.64500427246094,12425.03515625
3122,7.629497849848121e-05,0,19529,97.64500427246094,12425.03515625
3123,1.9695268869400024,0,19529,97.64500427246094,12427.0048828125
3124,0.00304857874289155,0,19529,97.64500427246094,12427.0078125
3125,1.5843807458877563,0,19529,97.64500427246094,12428.591796875
3126,0.00016848245286382735,0,19529,97.64500427246094,12428.591796875
3127,1.2106369733810425,0,19529,97.64500427246094,12429.802734375
3128,0.00010172525799134746,0,19529,97.64500427246094,12429.802734375
3129,0.8051741719245911,0,19529,97.64500427246094,12430.607421875
3130,0.00034332275390625,0,19529,97.64500427246094,12430.607421875
3131,3.7119064331054688,0,19529,97.64500427246094,12434.3193359375
3132,0.008600552566349506,0,19529,97.64500427246094,12434.328125
3133,0.7243297696113586,0,19529,97.64500427246094,12435.052734375
3134,0.0006198883056640625,0,19529,97.64500427246094,12435.0537109375
3135,0.17128217220306396,0,19529,97.64500427246094,12435.224609375
3136,0.0008201598539017141,0,19529,97.64500427246094,12435.2255859375
3137,3.701733350753784,0,19529,97.64500427246094,12438.927734375
3138,20.36931800842285,0,19529,97.64500427246094,12459.296875
3139,4.958558559417725,0,19529,97.64500427246094,12464.255859375
3140,3.092054605484009,0,19529,97.64500427246094,12467.34765625
3141,2.382093667984009,0,19529,97.64500427246094,12469.7294921875
3142,17.564231872558594,1,19530,97.64999389648438,12487.2939453125
3143,3.788175344467163,0,19530,97.64999389648438,12491.08203125
3144,4.377293109893799,0,19530,97.64999389648438,12495.458984375
3145,3.9841160774230957,0,19530,97.64999389648438,12499.443359375
3146,19.874614715576172,0,19530,97.64999389648438,12519.318359375
3147,2.865276336669922,0,19530,97.64999389648438,12522.18359375
3148,0.004879732616245747,0,19530,97.64999389648438,12522.1884765625
3149,1.196065902709961,0,19530,97.64999389648438,12523.384765625
3150,0.00031113624572753906,0,19530,97.64999389648438,12523.384765625
3151,3.8260579109191895,0,19530,97.64999389648438,12527.2109375
3152,8.286335945129395,0,19530,97.64999389648438,12535.4970703125
3153,1.3098666667938232,0,19530,97.64999389648438,12536.806640625
3154,0.00015663223166484386,0,19530,97.64999389648438,12536.806640625
3155,4.126417636871338,0,19530,97.64999389648438,12540.9326171875
3156,7.688998699188232,0,19530,97.64999389648438,12548.6220703125
3157,4.607822895050049,0,19530,97.64999389648438,12553.2294921875
3158,7.715022087097168,0,19530,97.64999389648438,12560.9443359375
3159,4.621854782104492,0,19530,97.64999389648438,12565.56640625
3160,15.581522941589355,1,19531,97.65499877929688,12581.1474609375
3161,1.2136088609695435,0,19531,97.65499877929688,12582.361328125
3162,2.875969171524048,0,19531,97.65499877929688,12585.2373046875
3163,4.6283040046691895,0,19531,97.65499877929688,12589.865234375
3164,2.1188666820526123,0,19531,97.65499877929688,12591.984375
3165,4.760063648223877,0,19531,97.65499877929688,12596.744140625
3166,2.5184547901153564,0,19531,97.65499877929688,12599.2626953125
3167,2.404385805130005,0,19531,97.65499877929688,12601.6669921875
3168,0.0002213319094153121,0,19531,97.65499877929688,12601.6669921875
3169,2.7536604404449463,0,19531,97.65499877929688,12604.4208984375
3170,0.0007371107349172235,0,19531,97.65499877929688,12604.421875
3171,0.24854905903339386,0,19531,97.65499877929688,12604.6708984375
3172,0.0005082288989797235,0,19531,97.65499877929688,12604.671875
3173,4.822526931762695,0,19531,97.65499877929688,12609.494140625
3174,2.2589023113250732,0,19531,97.65499877929688,12611.7529296875
3175,2.020911931991577,0,19531,97.65499877929688,12613.7734375
3176,0.0003433229576330632,0,19531,97.65499877929688,12613.7734375
3177,2.7245092391967773,0,19531,97.65499877929688,12616.498046875
3178,0.00043074306449852884,0,19531,97.65499877929688,12616.498046875
3179,3.383030652999878,0,19531,97.65499877929688,12619.880859375
3180,9.04793930053711,0,19531,97.65499877929688,12628.9287109375
3181,3.2928895950317383,0,19531,97.65499877929688,12632.2216796875
3182,27.6691837310791,0,19531,97.65499877929688,12659.890625
3183,2.923351287841797,0,19531,97.65499877929688,12662.814453125
3184,13.062660217285156,0,19531,97.65499877929688,12675.876953125
3185,3.825878858566284,0,19531,97.65499877929688,12679.703125
3186,10.322755813598633,0,19531,97.65499877929688,12690.0263671875
3187,0.9901702404022217,0,19531,97.65499877929688,12691.0166015625
3188,4.1726205381564796e-05,0,19531,97.65499877929688,12691.0166015625
3189,2.9224727153778076,0,19531,97.65499877929688,12693.939453125
3190,12.533363342285156,0,19531,97.65499877929688,12706.47265625
3191,0.8102474808692932,0,19531,97.65499877929688,12707.283203125
3192,0.0004208094906061888,0,19531,97.65499877929688,12707.283203125
3193,0.07950681447982788,0,19531,97.65499877929688,12707.3623046875
3194,0.0003790855116676539,0,19531,97.65499877929688,12707.3623046875
3195,0.1330171674489975,0,19531,97.65499877929688,12707.4951171875
3196,0.0004498163762036711,0,19531,97.65499877929688,12707.4951171875
3197,1.0218775272369385,0,19531,97.65499877929688,12708.5166015625
3198,0.8949449062347412,0,19531,97.65499877929688,12709.4111328125
3199,2.326035261154175,0,19531,97.65499877929688,12711.7373046875
3200,0.0029198327101767063,0,19531,97.65499877929688,12711.740234375
3201,4.77528190612793,0,19531,97.65499877929688,12716.515625
3202,19.632625579833984,0,19531,97.65499877929688,12736.1484375
3203,4.714478969573975,0,19531,97.65499877929688,12740.86328125
3204,13.5946683883667,0,19531,97.65499877929688,12754.4580078125
3205,1.1641404628753662,0,19531,97.65499877929688,12755.6220703125
3206,0.00010252580250380561,0,19531,97.65499877929688,12755.6220703125
3207,1.9195600748062134,0,19531,97.65499877929688,12757.5419921875
3208,0.004928906448185444,0,19531,97.65499877929688,12757.546875
3209,2.6149439811706543,0,19531,97.65499877929688,12760.162109375
3210,12.332802772521973,0,19531,97.65499877929688,12772.4951171875
3211,3.9248344898223877,0,19531,97.65499877929688,12776.419921875
3212,10.316910743713379,0,19531,97.65499877929688,12786.7373046875
3213,3.4188473224639893,0,19531,97.65499877929688,12790.15625
3214,0.00102996826171875,0,19531,97.65499877929688,12790.1572265625
3215,3.0138823986053467,0,19531,97.65499877929688,12793.1708984375
3216,0.00024596849107183516,0,19531,97.65499877929688,12793.1708984375
3217,4.836847305297852,0,19531,97.65499877929688,12798.0078125
3218,14.324028968811035,0,19531,97.65499877929688,12812.33203125
3219,0.4390312731266022,0,19531,97.65499877929688,12812.771484375
3220,0.000348886736901477,0,19531,97.65499877929688,12812.771484375
3221,4.00176477432251,0,19531,97.65499877929688,12816.7734375
3222,19.319252014160156,0,19531,97.65499877929688,12836.0927734375
3223,3.4929821491241455,0,19531,97.65499877929688,12839.5859375
3224,4.684696197509766,0,19531,97.65499877929688,12844.2705078125
3225,1.003868579864502,0,19531,97.65499877929688,12845.2744140625
3226,0.0006127357482910156,0,19531,97.65499877929688,12845.275390625
3227,2.309974193572998,0,19531,97.65499877929688,12847.5849609375
3228,0.00013271966599859297,0,19531,97.65499877929688,12847.5849609375
3229,4.899445533752441,0,19531,97.65499877929688,12852.484375
3230,9.071227073669434,0,19531,97.65499877929688,12861.5556640625
3231,3.5273263454437256,0,19531,97.65499877929688,12865.0830078125
3232,0.0011272745905444026,0,19531,97.65499877929688,12865.083984375
3233,1.7376494407653809,0,19531,97.65499877929688,12866.8212890625
3234,9.731772422790527,0,19531,97.65499877929688,12876.552734375
3235,2.416999101638794,0,19531,97.65499877929688,12878.9697265625
3236,0.33749282360076904,0,19531,97.65499877929688,12879.3076171875
3237,2.631563901901245,0,19531,97.65499877929688,12881.939453125
3238,9.791051864624023,0,19531,97.65499877929688,12891.73046875
3239,0.09073716402053833,0,19531,97.65499877929688,12891.8212890625
3240,0.0003391188511159271,0,19531,97.65499877929688,12891.8212890625
3241,1.2745975255966187,0,19531,97.65499877929688,12893.095703125
3242,2.5131523671007017e-06,0,19531,97.65499877929688,12893.095703125
3243,2.295384407043457,0,19531,97.65499877929688,12895.390625
3244,0.002432731445878744,0,19531,97.65499877929688,12895.392578125
3245,4.241608142852783,0,19531,97.65499877929688,12899.6337890625
3246,0.0009411755600012839,0,19531,97.65499877929688,12899.634765625
3247,3.1949172019958496,0,19531,97.65499877929688,12902.830078125
3248,8.981771469116211,0,19531,97.65499877929688,12911.8115234375
3249,0.5991411209106445,0,19531,97.65499877929688,12912.4111328125
3250,0.00048478442477062345,0,19531,97.65499877929688,12912.4111328125
3251,0.9764919877052307,0,19531,97.65499877929688,12913.3876953125
3252,0.0001239776611328125,0,19531,97.65499877929688,12913.3876953125
3253,0.7713867425918579,0,19531,97.65499877929688,12914.1591796875
3254,0.00037193295429460704,0,19531,97.65499877929688,12914.1591796875
3255,0.21777375042438507,0,19531,97.65499877929688,12914.376953125
3256,0.0004935265751555562,0,19531,97.65499877929688,12914.3779296875
3257,2.421990394592285,0,19531,97.65499877929688,12916.7998046875
3258,0.00020265617058612406,0,19531,97.65499877929688,12916.7998046875
3259,2.9808292388916016,0,19531,97.65499877929688,12919.7802734375
3260,0.0013454754371196032,0,19531,97.65499877929688,12919.78125
3261,1.106194257736206,0,19531,97.65499877929688,12920.8876953125
3262,0.00024477639817632735,0,19531,97.65499877929688,12920.8876953125
3263,2.6034674644470215,0,19531,97.65499877929688,12923.4912109375
3264,12.241395950317383,0,19531,97.65499877929688,12935.732421875
3265,0.42097339034080505,0,19531,97.65499877929688,12936.1533203125
3266,0.00048200550372712314,0,19531,97.65499877929688,12936.1533203125
3267,0.3081701695919037,0,19531,97.65499877929688,12936.4619140625
3268,0.00032325583742931485,0,19531,97.65499877929688,12936.4619140625
3269,3.5995707511901855,0,19531,97.65499877929688,12940.0615234375
3270,15.778129577636719,0,19531,97.65499877929688,12955.83984375
3271,0.8760449886322021,0,19531,97.65499877929688,12956.7158203125
3272,0.0003630183346103877,0,19531,97.65499877929688,12956.7158203125
3273,4.654739856719971,0,19531,97.65499877929688,12961.3701171875
3274,12.494372367858887,0,19531,97.65499877929688,12973.8642578125
3275,4.758201599121094,0,19531,97.65499877929688,12978.6220703125
3276,21.953157424926758,0,19531,97.65499877929688,13000.5751953125
3277,1.4116058349609375,0,19531,97.65499877929688,13001.986328125
3278,0.18527044355869293,0,19531,97.65499877929688,13002.171875
3279,3.130417823791504,0,19531,97.65499877929688,13005.302734375
3280,0.06311161816120148,0,19531,97.65499877929688,13005.3662109375
3281,1.0880146026611328,0,19531,97.65499877929688,13006.4541015625
3282,0.00024477639817632735,0,19531,97.65499877929688,13006.4541015625
3283,2.0544214248657227,0,19531,97.65499877929688,13008.5087890625
3284,0.0031349367927759886,0,19531,97.65499877929688,13008.51171875
3285,0.8627568483352661,0,19531,97.65499877929688,13009.3740234375
3286,0.0004167854494880885,0,19531,97.65499877929688,13009.3740234375
3287,2.7257308959960938,0,19531,97.65499877929688,13012.099609375
3288,0.0003546972875483334,0,19531,97.65499877929688,13012.099609375
3289,4.3731279373168945,0,19531,97.65499877929688,13016.47265625
3290,20.831796646118164,0,19531,97.65499877929688,13037.3046875
3291,4.430078983306885,0,19531,97.65499877929688,13041.734375
3292,8.878545761108398,0,19531,97.65499877929688,13050.61328125
3293,1.1556038856506348,0,19531,97.65499877929688,13051.7685546875
3294,0.0008449219167232513,0,19531,97.65499877929688,13051.76953125
3295,3.6679041385650635,0,19531,97.65499877929688,13055.4375
3296,0.0006719619850628078,0,19531,97.65499877929688,13055.4384765625
3297,4.306017875671387,0,19531,97.65499877929688,13059.744140625
3298,14.244646072387695,0,19531,97.65499877929688,13073.9892578125
3299,4.6965813636779785,0,19531,97.65499877929688,13078.685546875
3300,17.15230941772461,0,19531,97.65499877929688,13095.837890625
3301,1.5588042736053467,0,19531,97.65499877929688,13097.396484375
3302,9.038411140441895,0,19531,97.65499877929688,13106.4345703125
3303,4.734278678894043,0,19531,97.65499877929688,13111.1689453125
3304,5.854128837585449,0,19531,97.65499877929688,13117.0234375
3305,3.218224048614502,0,19531,97.65499877929688,13120.2412109375
3306,6.151921272277832,0,19531,97.65499877929688,13126.3935546875
3307,2.1550567150115967,0,19531,97.65499877929688,13128.548828125
3308,3.8294990062713623,0,19531,97.65499877929688,13132.3779296875
3309,4.038607597351074,0,19531,97.65499877929688,13136.4169921875
3310,0.6722918748855591,0,19531,97.65499877929688,13137.0888671875
3311,4.0002665519714355,0,19531,97.65499877929688,13141.0888671875
3312,2.2913599014282227,0,19531,97.65499877929688,13143.3798828125
3313,3.727033853530884,0,19531,97.65499877929688,13147.1064453125
3314,4.287798881530762,0,19531,97.65499877929688,13151.39453125
3315,4.337409019470215,0,19531,97.65499877929688,13155.732421875
3316,3.691437005996704,0,19531,97.65499877929688,13159.423828125
3317,1.4858124256134033,0,19531,97.65499877929688,13160.9091796875
3318,0.00034411746310070157,0,19531,97.65499877929688,13160.9091796875
3319,2.685033082962036,0,19531,97.65499877929688,13163.59375
3320,0.0004076957411598414,0,19531,97.65499877929688,13163.59375
3321,0.8194363713264465,0,19531,97.65499877929688,13164.4130859375
3322,0.00012954075646121055,0,19531,97.65499877929688,13164.4130859375
3323,4.233549118041992,0,19531,97.65499877929688,13168.646484375
3324,25.8247127532959,0,19531,97.65499877929688,13194.4716796875
3325,4.403162002563477,0,19531,97.65499877929688,13198.875
3326,9.322541236877441,0,19531,97.65499877929688,13208.197265625
3327,2.167048215866089,0,19531,97.65499877929688,13210.3642578125
3328,0.0006533424602821469,0,19531,97.65499877929688,13210.365234375
3329,4.018083095550537,0,19531,97.65499877929688,13214.3837890625
3330,2.6306989192962646,0,19531,97.65499877929688,13217.0146484375
3331,4.667936325073242,0,19531,97.65499877929688,13221.6826171875
3332,2.453463077545166,0,19531,97.65499877929688,13224.1357421875
3333,4.9578399658203125,0,19531,97.65499877929688,13229.09375
3334,2.472627639770508,0,19531,97.65499877929688,13231.56640625
3335,4.903029918670654,0,19531,97.65499877929688,13236.4697265625
3336,2.4934887886047363,0,19531,97.65499877929688,13238.962890625
3337,1.9483457803726196,0,19531,97.65499877929688,13240.9111328125
3338,0.004848819691687822,0,19531,97.65499877929688,13240.916015625
3339,0.7826887965202332,0,19531,97.65499877929688,13241.6982421875
3340,11.724827766418457,0,19531,97.65499877929688,13253.4228515625
3341,2.443887233734131,0,19531,97.65499877929688,13255.8671875
3342,17.998090744018555,0,19531,97.65499877929688,13273.865234375
3343,0.2666509449481964,0,19531,97.65499877929688,13274.1318359375
3344,0.00038902286905795336,0,19531,97.65499877929688,13274.1318359375
3345,4.1288957595825195,0,19531,97.65499877929688,13278.2607421875
3346,17.769241333007812,0,19531,97.65499877929688,13296.0302734375
3347,2.8982458114624023,0,19531,97.65499877929688,13298.9287109375
3348,12.837857246398926,0,19531,97.65499877929688,13311.7666015625
3349,4.815842628479004,0,19531,97.65499877929688,13316.58203125
3350,9.005074501037598,0,19531,97.65499877929688,13325.5869140625
3351,0.6035174131393433,0,19531,97.65499877929688,13326.1904296875
3352,0.0006552898557856679,0,19531,97.65499877929688,13326.19140625
3353,3.259791851043701,0,19531,97.65499877929688,13329.451171875
3354,12.533769607543945,0,19531,97.65499877929688,13341.9853515625
3355,0.8999407887458801,0,19531,97.65499877929688,13342.8857421875
3356,0.00013829189992975444,0,19531,97.65499877929688,13342.8857421875
3357,2.8281209468841553,0,19531,97.65499877929688,13345.7138671875
3358,0.0017857550410553813,0,19531,97.65499877929688,13345.7158203125
3359,0.20956993103027344,0,19531,97.65499877929688,13345.92578125
3360,0.0010192394256591797,0,19531,97.65499877929688,13345.9267578125
3361,4.825615882873535,0,19531,97.65499877929688,13350.751953125
3362,12.028528213500977,0,19531,97.65499877929688,13362.7802734375
3363,1.9371880292892456,0,19531,97.65499877929688,13364.7177734375
3364,0.0022522606886923313,0,19531,97.65499877929688,13364.7197265625
3365,4.6873698234558105,0,19531,97.65499877929688,13369.4072265625
3366,0.006699561607092619,0,19531,97.65499877929688,13369.4140625
3367,3.880260705947876,0,19531,97.65499877929688,13373.2939453125
3368,13.583274841308594,0,19531,97.65499877929688,13386.876953125
3369,3.58697772026062,0,19531,97.65499877929688,13390.4638671875
3370,12.487930297851562,0,19531,97.65499877929688,13402.9521484375
3371,1.4201545715332031,0,19531,97.65499877929688,13404.3720703125
3372,0.0005547227920033038,0,19531,97.65499877929688,13404.373046875
3373,1.1847126483917236,0,19531,97.65499877929688,13405.5576171875
3374,9.695688640931621e-05,0,19531,97.65499877929688,13405.5576171875
3375,4.874768257141113,0,19531,97.65499877929688,13410.4326171875
3376,14.45113468170166,0,19531,97.65499877929688,13424.8837890625
3377,1.6791367530822754,0,19531,97.65499877929688,13426.5625
3378,12.678322792053223,0,19531,97.65499877929688,13439.2412109375
3379,4.9825334548950195,0,19531,97.65499877929688,13444.2236328125
3380,11.906291007995605,0,19531,97.65499877929688,13456.1298828125
3381,0.7052527070045471,0,19531,97.65499877929688,13456.8349609375
3382,0.00046584417577832937,0,19531,97.65499877929688,13456.8349609375
3383,4.9249982833862305,0,19531,97.65499877929688,13461.759765625
3384,11.086719512939453,0,19531,97.65499877929688,13472.8466796875
3385,2.9436073303222656,0,19531,97.65499877929688,13475.7900390625
3386,19.04323959350586,0,19531,97.65499877929688,13494.8330078125
3387,4.522609710693359,0,19531,97.65499877929688,13499.35546875
3388,34.65102005004883,0,19531,97.65499877929688,13534.0068359375
3389,1.253535509109497,0,19531,97.65499877929688,13535.2607421875
3390,0.00014981476124376059,0,19531,97.65499877929688,13535.2607421875
3391,4.183095455169678,0,19531,97.65499877929688,13539.443359375
3392,17.472789764404297,0,19531,97.65499877929688,13556.916015625
3393,3.7709367275238037,0,19531,97.65499877929688,13560.6865234375
3394,15.019701957702637,0,19531,97.65499877929688,13575.7060546875
3395,1.0167251825332642,0,19531,97.65499877929688,13576.72265625
3396,0.0014416376361623406,0,19531,97.65499877929688,13576.7236328125
3397,2.5784454345703125,0,19531,97.65499877929688,13579.3017578125
3398,9.457270061830059e-05,0,19531,97.65499877929688,13579.3017578125
3399,1.8935811519622803,0,19531,97.65499877929688,13581.1953125
3400,0.00043153759906999767,0,19531,97.65499877929688,13581.1953125
3401,3.5181362628936768,0,19531,97.65499877929688,13584.7138671875
3402,15.66840934753418,0,19531,97.65499877929688,13600.3818359375
3403,1.2360047101974487,0,19531,97.65499877929688,13601.6181640625
3404,0.00031789540662430227,0,19531,97.65499877929688,13601.6181640625
3405,3.35711669921875,0,19531,97.65499877929688,13604.9755859375
3406,0.0014869371661916375,0,19531,97.65499877929688,13604.9775390625
3407,1.545557975769043,0,19531,97.65499877929688,13606.5234375
3408,0.00013271966599859297,0,19531,97.65499877929688,13606.5234375
3409,1.6435024738311768,0,19531,97.65499877929688,13608.1669921875
3410,0.002079010009765625,0,19531,97.65499877929688,13608.1689453125
3411,3.300461530685425,0,19531,97.65499877929688,13611.4697265625
3412,20.181476593017578,0,19531,97.65499877929688,13631.6513671875
3413,3.7455222606658936,0,19531,97.65499877929688,13635.396484375
3414,4.6263837814331055,0,19531,97.65499877929688,13640.0224609375
3415,2.6625139713287354,0,19531,97.65499877929688,13642.6845703125
3416,13.658805847167969,0,19531,97.65499877929688,13656.34375
3417,3.624741792678833,0,19531,97.65499877929688,13659.96875
3418,17.26806640625,0,19531,97.65499877929688,13677.236328125
3419,4.596713542938232,0,19531,97.65499877929688,13681.8330078125
3420,20.678333282470703,0,19531,97.65499877929688,13702.51171875
3421,1.8661043643951416,0,19531,97.65499877929688,13704.3779296875
3422,6.425110816955566,0,19531,97.65499877929688,13710.802734375
3423,1.0122894048690796,0,19531,97.65499877929688,13711.8154296875
3424,0.00023603571753483266,0,19531,97.65499877929688,13711.8154296875
3425,2.995534896850586,0,19531,97.65499877929688,13714.810546875
3426,0.001063992502167821,0,19531,97.65499877929688,13714.8115234375
3427,0.3523884117603302,0,19531,97.65499877929688,13715.1640625
3428,0.004045913461595774,0,19531,97.65499877929688,13715.16796875
3429,0.8184573650360107,0,19531,97.65499877929688,13715.986328125
3430,5.960688591003418,0,19531,97.65499877929688,13721.947265625
3431,1.939235806465149,0,19531,97.65499877929688,13723.88671875
3432,23.243749618530273,0,19531,97.65499877929688,13747.130859375
3433,0.7730745673179626,0,19531,97.65499877929688,13747.904296875
3434,0.00014467551955021918,0,19531,97.65499877929688,13747.904296875
3435,3.719094753265381,0,19531,97.65499877929688,13751.623046875
3436,20.617141723632812,0,19531,97.65499877929688,13772.240234375
3437,4.7838969230651855,0,19531,97.65499877929688,13777.0244140625
3438,22.07979965209961,0,19531,97.65499877929688,13799.1044921875
3439,4.75149393081665,0,19531,97.65499877929688,13803.8564453125
3440,24.64921760559082,0,19531,97.65499877929688,13828.505859375
3441,4.862592697143555,0,19531,97.65499877929688,13833.3681640625
3442,23.21238899230957,0,19531,97.65499877929688,13856.580078125
3443,4.231562614440918,0,19531,97.65499877929688,13860.8115234375
3444,6.844454288482666,0,19531,97.65499877929688,13867.65625
3445,3.0654821395874023,0,19531,97.65499877929688,13870.7216796875
3446,9.37513542175293,0,19531,97.65499877929688,13880.0966796875
3447,2.0079245567321777,0,19531,97.65499877929688,13882.1044921875
3448,7.593535423278809,0,19531,97.65499877929688,13889.6982421875
3449,1.255293846130371,0,19531,97.65499877929688,13890.953125
3450,0.0019447008380666375,0,19531,97.65499877929688,13890.955078125
3451,3.442150354385376,0,19531,97.65499877929688,13894.3974609375
3452,17.1724853515625,0,19531,97.65499877929688,13911.5703125
3453,3.094697952270508,0,19531,97.65499877929688,13914.6650390625
3454,0.006904601585119963,0,19531,97.65499877929688,13914.671875
3455,2.5906906127929688,0,19531,97.65499877929688,13917.2626953125
3456,8.999669075012207,0,19531,97.65499877929688,13926.2626953125
3457,4.0725836753845215,0,19531,97.65499877929688,13930.3349609375
3458,1.0870126485824585,0,19531,97.65499877929688,13931.421875
3459,1.0868667364120483,0,19531,97.65499877929688,13932.5087890625
3460,8.134551048278809,0,19531,97.65499877929688,13940.6435546875
3461,2.8764727115631104,0,19531,97.65499877929688,13943.5205078125
3462,0.8909206986427307,0,19531,97.65499877929688,13944.4111328125
3463,4.956137657165527,0,19531,97.65499877929688,13949.3671875
3464,1.1386384963989258,0,19531,97.65499877929688,13950.505859375
3465,3.5119245052337646,0,19531,97.65499877929688,13954.017578125
3466,0.00030199685716070235,0,19531,97.65499877929688,13954.017578125
3467,0.4905737638473511,0,19531,97.65499877929688,13954.5078125
3468,0.0005729992990382016,0,19531,97.65499877929688,13954.5087890625
3469,4.823709487915039,0,19531,97.65499877929688,13959.33203125
3470,22.232389450073242,0,19531,97.65499877929688,13981.564453125
3471,4.033190727233887,0,19531,97.65499877929688,13985.59765625
3472,15.67301082611084,0,19531,97.65499877929688,14001.2705078125
3473,1.5272746086120605,0,19531,97.65499877929688,14002.7978515625
3474,0.0005070368060842156,0,19531,97.65499877929688,14002.798828125
3475,4.595626354217529,0,19531,97.65499877929688,14007.39453125
3476,4.330000400543213,0,19531,97.65499877929688,14011.724609375
3477,2.4626312255859375,0,19531,97.65499877929688,14014.1875
3478,0.0002880890970118344,0,19531,97.65499877929688,14014.1875
3479,3.898466110229492,0,19531,97.65499877929688,14018.0859375
3480,12.630414009094238,0,19531,97.65499877929688,14030.716796875
3481,2.299908399581909,0,19531,97.65499877929688,14033.0166015625
3482,0.0011126211611554027,0,19531,97.65499877929688,14033.017578125
3483,2.7764675617218018,0,19531,97.65499877929688,14035.7939453125
3484,15.777067184448242,0,19531,97.65499877929688,14051.5712890625
3485,3.5014212131500244,0,19531,97.65499877929688,14055.072265625
3486,0.3086387515068054,0,19531,97.65499877929688,14055.380859375
3487,3.211432695388794,0,19531,97.65499877929688,14058.5927734375
3488,0.0010752677917480469,0,19531,97.65499877929688,14058.59375
3489,1.7597283124923706,0,19531,97.65499877929688,14060.353515625
3490,5.563100057770498e-05,0,19531,97.65499877929688,14060.353515625
3491,2.3302600383758545,0,19531,97.65499877929688,14062.68359375
3492,0.0012024242896586657,0,19531,97.65499877929688,14062.6845703125
3493,1.5245755910873413,0,19531,97.65499877929688,14064.208984375
3494,28.615327835083008,0,19531,97.65499877929688,14092.82421875
3495,3.916107177734375,0,19531,97.65499877929688,14096.740234375
3496,18.99967384338379,0,19531,97.65499877929688,14115.740234375
3497,1.7922005653381348,0,19531,97.65499877929688,14117.5322265625
3498,0.0006896257982589304,0,19531,97.65499877929688,14117.533203125
3499,0.06903044134378433,0,19531,97.65499877929688,14117.6025390625
3500,0.0006188948755152524,0,19531,97.65499877929688,14117.603515625
3501,3.198148727416992,0,19531,97.65499877929688,14120.8017578125
3502,19.028615951538086,0,19531,97.65499877929688,14139.830078125
3503,3.3017168045043945,0,19531,97.65499877929688,14143.1318359375
3504,10.08869457244873,0,19531,97.65499877929688,14153.220703125
3505,4.061316013336182,0,19531,97.65499877929688,14157.2822265625
3506,19.191255569458008,0,19531,97.65499877929688,14176.4736328125
3507,3.830080032348633,0,19531,97.65499877929688,14180.3037109375
3508,14.877320289611816,1,19532,97.65999603271484,14195.1806640625
3509,4.305779457092285,0,19532,97.65999603271484,14199.486328125
3510,5.73688268661499,1,19533,97.66500091552734,14205.2236328125
3511,1.2124454975128174,0,19533,97.66500091552734,14206.4365234375
3512,0.00043769695912487805,0,19533,97.66500091552734,14206.4365234375
3513,1.996102213859558,0,19533,97.66500091552734,14208.4326171875
3514,0.00011603037273744121,0,19533,97.66500091552734,14208.4326171875
3515,1.1944843530654907,0,19533,97.66500091552734,14209.626953125
3516,0.00014702478074468672,0,19533,97.66500091552734,14209.626953125
3517,3.052765130996704,0,19533,97.66500091552734,14212.6796875
3518,0.004883010871708393,0,19533,97.66500091552734,14212.6845703125
3519,2.730447769165039,0,19533,97.66500091552734,14215.4150390625
3520,5.682675838470459,0,19533,97.66500091552734,14221.09765625
3521,3.693908214569092,0,19533,97.66500091552734,14224.7919921875
3522,16.76213264465332,0,19533,97.66500091552734,14241.5537109375
3523,4.296272277832031,0,19533,97.66500091552734,14245.849609375
3524,10.371530532836914,0,19533,97.66500091552734,14256.220703125
3525,1.2180124521255493,0,19533,97.66500091552734,14257.4384765625
3526,0.0007470456184819341,0,19533,97.66500091552734,14257.439453125
3527,4.522199630737305,0,19533,97.66500091552734,14261.9619140625
3528,3.920811176300049,0,19533,97.66500091552734,14265.8828125
3529,2.330735683441162,0,19533,97.66500091552734,14268.2138671875
3530,11.861875534057617,0,19533,97.66500091552734,14280.076171875
3531,1.618646264076233,0,19533,97.66500091552734,14281.6943359375
3532,0.0005555158713832498,0,19533,97.66500091552734,14281.6953125
3533,1.6014182567596436,0,19533,97.66500091552734,14283.296875
3534,13.622701644897461,0,19533,97.66500091552734,14296.919921875
3535,2.7322027683258057,0,19533,97.66500091552734,14299.65234375
3536,9.859334945678711,0,19533,97.66500091552734,14309.51171875
3537,2.639435291290283,0,19533,97.66500091552734,14312.1513671875
3538,0.0002806388074532151,0,19533,97.66500091552734,14312.1513671875
3539,3.550204038619995,0,19533,97.66500091552734,14315.701171875
3540,0.00824958086013794,0,19533,97.66500091552734,14315.708984375
3541,0.9551119804382324,0,19533,97.66500091552734,14316.6640625
3542,5.6584553718566895,1,19534,97.66999816894531,14322.322265625
3543,2.4149370193481445,0,19534,97.66999816894531,14324.7373046875
3544,4.810896396636963,0,19534,97.66999816894531,14329.5478515625
3545,4.7595953941345215,0,19534,97.66999816894531,14334.3076171875
3546,6.707695007324219,0,19534,97.66999816894531,14341.015625
3547,1.4376174211502075,0,19534,97.66999816894531,14342.453125
3548,1.081525444984436,0,19534,97.66999816894531,14343.5341796875
3549,2.4781389236450195,0,19534,97.66999816894531,14346.0126953125
3550,0.0005296865710988641,0,19534,97.66999816894531,14346.013671875
3551,3.439059257507324,0,19534,97.66999816894531,14349.453125
3552,22.341569900512695,0,19534,97.66999816894531,14371.794921875
3553,2.8196287155151367,0,19534,97.66999816894531,14374.6142578125
3554,11.437544822692871,0,19534,97.66999816894531,14386.0517578125
3555,3.2621681690216064,0,19534,97.66999816894531,14389.3134765625
3556,13.185464859008789,0,19534,97.66999816894531,14402.4990234375
3557,0.47065845131874084,0,19534,97.66999816894531,14402.9697265625
3558,0.00027028980548493564,0,19534,97.66999816894531,14402.9697265625
3559,1.1625205278396606,0,19534,97.66999816894531,14404.1318359375
3560,1.633548890822567e-05,0,19534,97.66999816894531,14404.1318359375
3561,3.8045523166656494,0,19534,97.66999816894531,14407.9365234375
3562,10.036075592041016,0,19534,97.66999816894531,14417.97265625
3563,0.4371761083602905,0,19534,97.66999816894531,14418.41015625
3564,9.298323857365176e-05,0,19534,97.66999816894531,14418.41015625
3565,0.16479501128196716,0,19534,97.66999816894531,14418.5751953125
3566,0.00013113021850585938,0,19534,97.66999816894531,14418.5751953125
3567,2.4318015575408936,0,19534,97.66999816894531,14421.0068359375
3568,0.0007502237567678094,0,19534,97.66999816894531,14421.0078125
3569,1.4871487617492676,0,19534,97.66999816894531,14422.4951171875
3570,7.390975952148438e-05,0,19534,97.66999816894531,14422.4951171875
3571,2.129007577896118,0,19534,97.66999816894531,14424.6240234375
3572,0.0006874402170069516,0,19534,97.66999816894531,14424.625
3573,3.8417537212371826,0,19534,97.66999816894531,14428.466796875
3574,0.0011746088275685906,0,19534,97.66999816894531,14428.4677734375
3575,2.3770999908447266,0,19534,97.66999816894531,14430.8447265625
3576,20.252492904663086,0,19534,97.66999816894531,14451.09765625
3577,2.251838445663452,0,19534,97.66999816894531,14453.349609375
3578,1.2777382135391235,0,19534,97.66999816894531,14454.626953125
3579,0.8154665231704712,0,19534,97.66999816894531,14455.4423828125
3580,0.00010887785902014002,0,19534,97.66999816894531,14455.4423828125
3581,0.23902550339698792,0,19534,97.66999816894531,14455.681640625
3582,5.563100057770498e-05,0,19534,97.66999816894531,14455.681640625
3583,3.370573043823242,0,19534,97.66999816894531,14459.0517578125
3584,20.2089786529541,0,19534,97.66999816894531,14479.2607421875
3585,3.0342445373535156,0,19534,97.66999816894531,14482.294921875
3586,13.676737785339355,0,19534,97.66999816894531,14495.9716796875
3587,2.7802839279174805,0,19534,97.66999816894531,14498.751953125
3588,2.24401593208313,0,19534,97.66999816894531,14500.99609375
3589,1.1549625396728516,0,19534,97.66999816894531,14502.1513671875
3590,0.00010450680565554649,0,19534,97.66999816894531,14502.1513671875
3591,1.1805294752120972,0,19534,97.66999816894531,14503.33203125
3592,0.00015676021575927734,0,19534,97.66999816894531,14503.33203125
3593,4.281823635101318,0,19534,97.66999816894531,14507.6142578125
3594,9.107662200927734,0,19534,97.66999816894531,14516.7216796875
3595,0.2503575384616852,0,19534,97.66999816894531,14516.9716796875
3596,0.0001923243107739836,0,19534,97.66999816894531,14516.9716796875
3597,4.849946975708008,0,19534,97.66999816894531,14521.8212890625
3598,9.897329330444336,0,19534,97.66999816894531,14531.71875
3599,1.924339771270752,0,19534,97.66999816894531,14533.6435546875
3600,1.617469072341919,0,19534,97.66999816894531,14535.2607421875
3601,4.442193031311035,0,19534,97.66999816894531,14539.703125
3602,18.26840591430664,0,19534,97.66999816894531,14557.9716796875
3603,4.977072238922119,0,19534,97.66999816894531,14562.94921875
3604,17.782272338867188,0,19534,97.66999816894531,14580.7314453125
3605,3.497591733932495,0,19534,97.66999816894531,14584.2294921875
3606,0.0004418691387400031,0,19534,97.66999816894531,14584.2294921875
3607,0.8568130731582642,0,19534,97.66999816894531,14585.0859375
3608,0.00306606269441545,0,19534,97.66999816894531,14585.0888671875
3609,0.3794192671775818,0,19534,97.66999816894531,14585.46875
3610,16.094167709350586,0,19534,97.66999816894531,14601.5625
3611,0.4901290535926819,0,19534,97.66999816894531,14602.052734375
3612,4.8831061576493084e-05,0,19534,97.66999816894531,14602.052734375
3613,0.8877549767494202,0,19534,97.66999816894531,14602.9404296875
3614,0.00014657962310593575,0,19534,97.66999816894531,14602.9404296875
3615,2.218142509460449,0,19534,97.66999816894531,14605.158203125
3616,0.0004968816065229475,0,19534,97.66999816894531,14605.1591796875
3617,3.2930238246917725,0,19534,97.66999816894531,14608.4521484375
3618,0.000638152239844203,0,19534,97.66999816894531,14608.453125
3619,3.078873872756958,0,19534,97.66999816894531,14611.5322265625
3620,16.850873947143555,0,19534,97.66999816894531,14628.3828125
3621,1.890421986579895,0,19534,97.66999816894531,14630.2734375
3622,0.000499886809848249,0,19534,97.66999816894531,14630.2744140625
3623,0.06536832451820374,0,19534,97.66999816894531,14630.33984375
3624,0.0005499521503224969,0,19534,97.66999816894531,14630.3408203125
3625,4.375795841217041,0,19534,97.66999816894531,14634.716796875
3626,5.918543338775635,0,19534,97.66999816894531,14640.6357421875
3627,3.2606217861175537,0,19534,97.66999816894531,14643.896484375
3628,0.0006723403930664062,0,19534,97.66999816894531,14643.8974609375
3629,4.278854846954346,0,19534,97.66999816894531,14648.1767578125
3630,23.279664993286133,0,19534,97.66999816894531,14671.4560546875
3631,1.6418840885162354,0,19534,97.66999816894531,14673.09765625
3632,0.6153942346572876,0,19534,97.66999816894531,14673.712890625
3633,3.441166877746582,0,19534,97.66999816894531,14677.154296875
3634,23.104623794555664,0,19534,97.66999816894531,14700.2587890625
3635,4.011855125427246,0,19534,97.66999816894531,14704.2705078125
3636,15.667892456054688,0,19534,97.66999816894531,14719.9384765625
3637,4.861968517303467,0,19534,97.66999816894531,14724.80078125
3638,15.748309135437012,0,19534,97.66999816894531,14740.548828125
3639,1.8125773668289185,0,19534,97.66999816894531,14742.361328125
3640,0.0009791068732738495,0,19534,97.66999816894531,14742.3623046875
3641,3.371147632598877,0,19534,97.66999816894531,14745.7333984375
3642,16.044809341430664,0,19534,97.66999816894531,14761.7783203125
3643,0.11295690387487411,0,19534,97.66999816894531,14761.8916015625
3644,4.93756087962538e-05,0,19534,97.66999816894531,14761.8916015625
3645,4.421030044555664,0,19534,97.66999816894531,14766.3125
3646,17.95568084716797,0,19534,97.66999816894531,14784.2685546875
3647,3.5212109088897705,0,19534,97.66999816894531,14787.7900390625
3648,12.406949996948242,0,19534,97.66999816894531,14800.197265625
3649,4.357468605041504,0,19534,97.66999816894531,14804.5546875
3650,17.34844398498535,0,19534,97.66999816894531,14821.9033203125
3651,4.813084125518799,0,19534,97.66999816894531,14826.716796875
3652,16.551225662231445,0,19534,97.66999816894531,14843.267578125
3653,2.7905139923095703,0,19534,97.66999816894531,14846.0576171875
3654,6.795019149780273,0,19534,97.66999816894531,14852.8525390625
3655,2.0419154167175293,0,19534,97.66999816894531,14854.89453125
3656,2.6871759473579004e-05,0,19534,97.66999816894531,14854.89453125
3657,2.42545485496521,0,19534,97.66999816894531,14857.3203125
3658,2.3513104915618896,0,19534,97.66999816894531,14859.671875
3659,0.2504861652851105,0,19534,97.66999816894531,14859.921875
3660,4.1327795770484954e-05,0,19534,97.66999816894531,14859.921875
3661,2.471083164215088,0,19534,97.66999816894531,14862.392578125
3662,0.0023301441688090563,0,19534,97.66999816894531,14862.39453125
3663,0.7389197945594788,0,19534,97.66999816894531,14863.1337890625
3664,18.653610229492188,0,19534,97.66999816894531,14881.787109375
3665,0.6711457371711731,0,19534,97.66999816894531,14882.4580078125
3666,0.0006039105937816203,0,19534,97.66999816894531,14882.458984375
3667,1.7152092456817627,0,19534,97.66999816894531,14884.173828125
3668,10.073710441589355,0,19534,97.66999816894531,14894.2470703125
3669,3.3137245178222656,0,19534,97.66999816894531,14897.560546875
3670,2.6839828491210938,0,19534,97.66999816894531,14900.244140625
3671,0.4178679287433624,0,19534,97.66999816894531,14900.662109375
3672,0.0001819928438635543,0,19534,97.66999816894531,14900.662109375
3673,1.2004410028457642,0,19534,97.66999816894531,14901.8623046875
3674,0.0010156631469726562,0,19534,97.66999816894531,14901.86328125
3675,4.837810516357422,0,19534,97.66999816894531,14906.701171875
3676,2.0300352573394775,0,19534,97.66999816894531,14908.7314453125
3677,3.6319613456726074,0,19534,97.66999816894531,14912.36328125
3678,9.43485164642334,0,19534,97.66999816894531,14921.7978515625
3679,4.122971057891846,0,19534,97.66999816894531,14925.9208984375
3680,8.586027145385742,0,19534,97.66999816894531,14934.5068359375
3681,2.840897798538208,0,19534,97.66999816894531,14937.34765625
3682,5.827310085296631,0,19534,97.66999816894531,14943.1748046875
3683,4.745414733886719,0,19534,97.66999816894531,14947.919921875
3684,19.02935791015625,1,19535,97.67500305175781,14966.94921875
3685,3.6651153564453125,0,19535,97.67500305175781,14970.6142578125
3686,2.143718719482422,0,19535,97.67500305175781,14972.7578125
3687,0.8765875697135925,0,19535,97.67500305175781,14973.634765625
3688,0.0009298324002884328,0,19535,97.67500305175781,14973.6357421875
3689,3.3946335315704346,0,19535,97.67500305175781,14977.0302734375
3690,6.20800256729126,0,19535,97.67500305175781,14983.23828125
3691,2.0815322399139404,0,19535,97.67500305175781,14985.3193359375
3692,1.5099843039934058e-05,0,19535,97.67500305175781,14985.3193359375
3693,3.8312737941741943,0,19535,97.67500305175781,14989.150390625
3694,15.990375518798828,0,19535,97.67500305175781,15005.140625
3695,4.398065567016602,0,19535,97.67500305175781,15009.5390625
3696,18.52916717529297,0,19535,97.67500305175781,15028.068359375
3697,0.23808938264846802,0,19535,97.67500305175781,15028.306640625
3698,0.00012318292283453047,0,19535,97.67500305175781,15028.306640625
3699,2.967930793762207,0,19535,97.67500305175781,15031.2744140625
3700,0.005585352424532175,0,19535,97.67500305175781,15031.2802734375
3701,3.086588144302368,0,19535,97.67500305175781,15034.3671875
3702,0.00015179315232671797,0,19535,97.67500305175781,15034.3671875
3703,0.9213280081748962,0,19535,97.67500305175781,15035.2880859375
3704,0.0005276997690089047,0,19535,97.67500305175781,15035.2890625
3705,4.5972747802734375,0,19535,97.67500305175781,15039.88671875
3706,13.037396430969238,0,19535,97.67500305175781,15052.923828125
3707,0.38408392667770386,0,19535,97.67500305175781,15053.3076171875
3708,0.0005926688900217414,0,19535,97.67500305175781,15053.30859375
3709,4.182389736175537,0,19535,97.67500305175781,15057.4912109375
3710,14.416688919067383,0,19535,97.67500305175781,15071.908203125
3711,1.7350444793701172,0,19535,97.67500305175781,15073.6435546875
3712,2.0420420169830322,0,19535,97.67500305175781,15075.685546875
3713,2.6943705081939697,0,19535,97.67500305175781,15078.3798828125
3714,19.19993782043457,0,19535,97.67500305175781,15097.580078125
3715,3.1902871131896973,0,19535,97.67500305175781,15100.7705078125
3716,7.642267227172852,0,19535,97.67500305175781,15108.4130859375
3717,0.8278762102127075,0,19535,97.67500305175781,15109.2412109375
3718,0.0007455897284671664,0,19535,97.67500305175781,15109.2421875
3719,2.4743435382843018,0,19535,97.67500305175781,15111.716796875
3720,0.00014306121738627553,0,19535,97.67500305175781,15111.716796875
3721,3.7155210971832275,0,19535,97.67500305175781,15115.4326171875
3722,16.161367416381836,0,19535,97.67500305175781,15131.59375
3723,4.620053768157959,0,19535,97.67500305175781,15136.2138671875
3724,24.703737258911133,0,19535,97.67500305175781,15160.91796875
3725,2.9913387298583984,0,19535,97.67500305175781,15163.9091796875
3726,0.0025095553137362003,0,19535,97.67500305175781,15163.912109375
3727,4.383877277374268,0,19535,97.67500305175781,15168.2958984375
3728,0.0012833873042836785,0,19535,97.67500305175781,15168.296875
3729,1.1247063875198364,0,19535,97.67500305175781,15169.421875
3730,15.75635051727295,0,19535,97.67500305175781,15185.1787109375
3731,2.808292865753174,0,19535,97.67500305175781,15187.9873046875
3732,0.0012584526557475328,0,19535,97.67500305175781,15187.98828125
3733,4.50805139541626,0,19535,97.67500305175781,15192.49609375
3734,0.00662366533651948,0,19535,97.67500305175781,15192.5029296875
3735,2.231086492538452,0,19535,97.67500305175781,15194.734375
3736,12.635090827941895,0,19535,97.67500305175781,15207.369140625
3737,4.739218235015869,0,19535,97.67500305175781,15212.1083984375
3738,12.351593017578125,0,19535,97.67500305175781,15224.4599609375
3739,2.180950403213501,0,19535,97.67500305175781,15226.640625
3740,0.002301933476701379,0,19535,97.67500305175781,15226.642578125
3741,3.2884438037872314,0,19535,97.67500305175781,15229.9306640625
3742,13.13010025024414,0,19535,97.67500305175781,15243.060546875
3743,2.3182055950164795,0,19535,97.67500305175781,15245.37890625
3744,5.694167613983154,0,19535,97.67500305175781,15251.0732421875
3745,3.9916110038757324,0,19535,97.67500305175781,15255.064453125
3746,3.616375684738159,0,19535,97.67500305175781,15258.6806640625
3747,2.1379477977752686,0,19535,97.67500305175781,15260.818359375
3748,0.00017106578161474317,0,19535,97.67500305175781,15260.818359375
3749,3.447558641433716,0,19535,97.67500305175781,15264.265625
3750,15.34880256652832,0,19535,97.67500305175781,15279.6142578125
3751,1.2038121223449707,0,19535,97.67500305175781,15280.818359375
3752,0.0004021326603833586,0,19535,97.67500305175781,15280.818359375
3753,4.5691046714782715,0,19535,97.67500305175781,15285.3876953125
3754,18.255279541015625,0,19535,97.67500305175781,15303.642578125
3755,1.6387771368026733,0,19535,97.67500305175781,15305.28125
3756,3.384134834050201e-05,0,19535,97.67500305175781,15305.28125
3757,0.9136056900024414,0,19535,97.67500305175781,15306.1953125
3758,0.00017048597510438412,0,19535,97.67500305175781,15306.1953125
3759,3.436101198196411,0,19535,97.67500305175781,15309.6318359375
3760,19.369688034057617,0,19535,97.67500305175781,15329.001953125
3761,0.11289846897125244,0,19535,97.67500305175781,15329.115234375
3762,0.00018597327289171517,0,19535,97.67500305175781,15329.115234375
3763,3.303344249725342,0,19535,97.67500305175781,15332.4189453125
3764,0.12681880593299866,0,19535,97.67500305175781,15332.5458984375
3765,3.087712049484253,0,19535,97.67500305175781,15335.6337890625
3766,0.00013033548020757735,0,19535,97.67500305175781,15335.6337890625
3767,2.0540428161621094,0,19535,97.67500305175781,15337.6875
3768,0.2631494104862213,0,19535,97.67500305175781,15337.9501953125
3769,1.757003903388977,0,19535,97.67500305175781,15339.70703125
3770,0.0008455911884084344,0,19535,97.67500305175781,15339.7080078125
3771,0.09126650542020798,0,19535,97.67500305175781,15339.798828125
3772,0.0010124841937795281,0,19535,97.67500305175781,15339.7998046875
3773,1.439752221107483,0,19535,97.67500305175781,15341.2392578125
3774,10.816582679748535,0,19535,97.67500305175781,15352.0556640625
3775,2.2293827533721924,0,19535,97.67500305175781,15354.28515625
3776,0.000771833467297256,0,19535,97.67500305175781,15354.2861328125
3777,2.9726858139038086,0,19535,97.67500305175781,15357.2587890625
3778,0.0002850722521543503,0,19535,97.67500305175781,15357.2587890625
3779,0.4055045247077942,0,19535,97.67500305175781,15357.6640625
3780,0.00047827622620388865,0,19535,97.67500305175781,15357.6640625
3781,1.9866188764572144,0,19535,97.67500305175781,15359.650390625
3782,5.453502655029297,1,19536,97.68000030517578,15365.103515625
3783,3.3766860961914062,0,19536,97.68000030517578,15368.48046875
3784,0.0007168451556935906,0,19536,97.68000030517578,15368.4814453125
3785,2.520329713821411,0,19536,97.68000030517578,15371.001953125
3786,20.830780029296875,0,19536,97.68000030517578,15391.8330078125
3787,3.038325309753418,0,19536,97.68000030517578,15394.87109375
3788,8.245406150817871,0,19536,97.68000030517578,15403.1162109375
3789,3.639259099960327,0,19536,97.68000030517578,15406.755859375
3790,0.007430712226778269,0,19536,97.68000030517578,15406.763671875
3791,0.6729063987731934,0,19536,97.68000030517578,15407.4365234375
3792,0.0006596246967092156,0,19536,97.68000030517578,15407.4375
3793,4.354513168334961,0,19536,97.68000030517578,15411.7919921875
3794,12.887005805969238,0,19536,97.68000030517578,15424.6787109375
3795,2.5231802463531494,0,19536,97.68000030517578,15427.2021484375
3796,7.474972724914551,0,19536,97.68000030517578,15434.6767578125
3797,0.9237227439880371,0,19536,97.68000030517578,15435.6005859375
3798,0.0002419948432361707,0,19536,97.68000030517578,15435.6005859375
3799,3.5025475025177,0,19536,97.68000030517578,15439.103515625
3800,5.561096668243408,1,19537,97.68499755859375,15444.6650390625
3801,2.366321325302124,0,19537,97.68499755859375,15447.03125
3802,0.0038727123755961657,0,19537,97.68499755859375,15447.03515625
3803,1.1363434791564941,0,19537,97.68499755859375,15448.171875
3804,0.00032345452927984297,0,19537,97.68499755859375,15448.171875
3805,0.045112259685993195,0,19537,97.68499755859375,15448.216796875
3806,0.00034252801560796797,0,19537,97.68499755859375,15448.216796875
3807,2.2616240978240967,0,19537,97.68499755859375,15450.478515625
3808,0.0002392133028479293,0,19537,97.68499755859375,15450.478515625
3809,2.009676933288574,0,19537,97.68499755859375,15452.48828125
3810,0.00024875003146007657,0,19537,97.68499755859375,15452.48828125
3811,1.9646177291870117,0,19537,97.68499755859375,15454.453125
3812,0.00022490818810183555,0,19537,97.68499755859375,15454.453125
3813,1.2342500686645508,0,19537,97.68499755859375,15455.6875
3814,6.119409954408184e-05,0,19537,97.68499755859375,15455.6875
3815,1.3022874593734741,0,19537,97.68499755859375,15456.990234375
3816,0.00024636584566906095,0,19537,97.68499755859375,15456.990234375
3817,0.4324078857898712,0,19537,97.68499755859375,15457.4228515625
3818,0.00012715657067019492,0,19537,97.68499755859375,15457.4228515625
3819,1.8524538278579712,0,19537,97.68499755859375,15459.275390625
3820,0.00787973403930664,0,19537,97.68499755859375,15459.283203125
3821,4.679583549499512,0,19537,97.68499755859375,15463.962890625
3822,0.0020782151259481907,0,19537,97.68499755859375,15463.96484375
3823,1.0666072368621826,0,19537,97.68499755859375,15465.03125
3824,0.014773344621062279,0,19537,97.68499755859375,15465.0458984375
3825,1.6374433040618896,0,19537,97.68499755859375,15466.68359375
3826,0.00018994012498296797,0,19537,97.68499755859375,15466.68359375
3827,2.603902578353882,0,19537,97.68499755859375,15469.287109375
3828,0.008721629157662392,0,19537,97.68499755859375,15469.2958984375
3829,3.8724453449249268,0,19537,97.68499755859375,15473.16796875
3830,19.149873733520508,0,19537,97.68499755859375,15492.3173828125
3831,1.9977293014526367,0,19537,97.68499755859375,15494.3154296875
3832,0.0017317135352641344,0,19537,97.68499755859375,15494.3173828125
3833,1.0429534912109375,0,19537,97.68499755859375,15495.3603515625
3834,0.0002956390380859375,0,19537,97.68499755859375,15495.3603515625
3835,1.1270365715026855,0,19537,97.68499755859375,15496.4873046875
3836,5.563099875871558e-06,0,19537,97.68499755859375,15496.4873046875
3837,2.309891700744629,0,19537,97.68499755859375,15498.796875
3838,0.0032496450003236532,0,19537,97.68499755859375,15498.7998046875
3839,4.894643783569336,0,19537,97.68499755859375,15503.6943359375
3840,2.408261775970459,0,19537,97.68499755859375,15506.1025390625
3841,2.1461243629455566,0,19537,97.68499755859375,15508.2490234375
3842,0.0012612342834472656,0,19537,97.68499755859375,15508.25
3843,1.6571366786956787,0,19537,97.68499755859375,15509.9072265625
3844,9.298323857365176e-05,0,19537,97.68499755859375,15509.9072265625
3845,2.028449535369873,0,19537,97.68499755859375,15511.935546875
3846,0.0005229313974268734,0,19537,97.68499755859375,15511.9365234375
3847,2.2017035484313965,0,19537,97.68499755859375,15514.138671875
3848,17.872533798217773,0,19537,97.68499755859375,15532.0107421875
3849,3.0602893829345703,0,19537,97.68499755859375,15535.0712890625
3850,6.159207344055176,2,19539,97.69499969482422,15541.23046875
3851,3.977576494216919,0,19539,97.69499969482422,15545.2080078125
3852,22.988950729370117,0,19539,97.69499969482422,15568.197265625
3853,2.232473850250244,0,19539,97.69499969482422,15570.4296875
3854,0.0007764514302834868,0,19539,97.69499969482422,15570.4306640625
3855,0.24710902571678162,0,19539,97.69499969482422,15570.677734375
3856,0.0005292892456054688,0,19539,97.69499969482422,15570.6787109375
3857,0.33026087284088135,0,19539,97.69499969482422,15571.0087890625
3858,0.0008996327524073422,0,19539,97.69499969482422,15571.009765625
3859,1.7148411273956299,0,19539,97.69499969482422,15572.724609375
3860,4.609425741364248e-05,0,19539,97.69499969482422,15572.724609375
3861,3.9933738708496094,0,19539,97.69499969482422,15576.7177734375
3862,14.866174697875977,0,19539,97.69499969482422,15591.583984375
3863,2.4205124378204346,0,19539,97.69499969482422,15594.0048828125
3864,7.963328838348389,0,19539,97.69499969482422,15601.9677734375
3865,3.8361833095550537,0,19539,97.69499969482422,15605.8037109375
3866,16.36177635192871,6,19545,97.7249984741211,15622.1650390625
3867,3.715373992919922,0,19545,97.7249984741211,15625.880859375
3868,16.825389862060547,0,19545,97.7249984741211,15642.7060546875
3869,2.2501003742218018,0,19545,97.7249984741211,15644.9560546875
3870,1.704830288887024,0,19545,97.7249984741211,15646.6611328125
3871,0.36057478189468384,0,19545,97.7249984741211,15647.021484375
3872,0.00026226043701171875,0,19545,97.7249984741211,15647.021484375
3873,1.6668400764465332,0,19545,97.7249984741211,15648.6884765625
3874,0.000133514404296875,0,19545,97.7249984741211,15648.6884765625
3875,1.8677185773849487,0,19545,97.7249984741211,15650.556640625
3876,0.019939739257097244,0,19545,97.7249984741211,15650.576171875
3877,1.552426815032959,0,19545,97.7249984741211,15652.12890625
3878,2.2779855728149414,0,19545,97.7249984741211,15654.4072265625
3879,2.6825037002563477,0,19545,97.7249984741211,15657.08984375
3880,0.0002972284855786711,0,19545,97.7249984741211,15657.08984375
3881,1.2304866313934326,0,19545,97.7249984741211,15658.3203125
3882,1.5497207641601562e-05,0,19545,97.7249984741211,15658.3203125
3883,4.379404544830322,0,19545,97.7249984741211,15662.7001953125
3884,17.255014419555664,0,19545,97.7249984741211,15679.955078125
3885,4.916766166687012,0,19545,97.7249984741211,15684.8720703125
3886,16.961042404174805,0,19545,97.7249984741211,15701.8330078125
3887,4.244406700134277,0,19545,97.7249984741211,15706.0771484375
3888,23.358491897583008,0,19545,97.7249984741211,15729.435546875
3889,2.28922700881958,0,19545,97.7249984741211,15731.724609375
3890,2.7676074504852295,0,19545,97.7249984741211,15734.4921875
3891,2.9493796825408936,0,19545,97.7249984741211,15737.44140625
3892,0.0008106231107376516,0,19545,97.7249984741211,15737.4423828125
3893,1.8338048458099365,0,19545,97.7249984741211,15739.2763671875
3894,2.3824615478515625,0,19545,97.7249984741211,15741.6591796875
3895,0.41291603446006775,0,19545,97.7249984741211,15742.072265625
3896,0.0005447864532470703,0,19545,97.7249984741211,15742.0732421875
3897,1.221928358078003,0,19545,97.7249984741211,15743.294921875
3898,7.532790184020996,0,19545,97.7249984741211,15750.828125
3899,3.9400134086608887,0,19545,97.7249984741211,15754.7685546875
3900,2.1119260787963867,0,19545,97.7249984741211,15756.880859375
3901,0.03166551515460014,0,19545,97.7249984741211,15756.912109375
3902,0.0002614669210743159,0,19545,97.7249984741211,15756.912109375
3903,3.003011703491211,0,19545,97.7249984741211,15759.9150390625
3904,0.0009123483905568719,0,19545,97.7249984741211,15759.916015625
3905,2.4627983570098877,0,19545,97.7249984741211,15762.37890625
3906,20.406997680664062,0,19545,97.7249984741211,15782.7861328125
3907,2.9741382598876953,0,19545,97.7249984741211,15785.7607421875
3908,0.004375775810331106,0,19545,97.7249984741211,15785.7646484375
3909,3.3693807125091553,0,19545,97.7249984741211,15789.1337890625
3910,8.589364051818848,0,19545,97.7249984741211,15797.7236328125
3911,3.565924882888794,0,19545,97.7249984741211,15801.2900390625
3912,0.000727573991753161,0,19545,97.7249984741211,15801.291015625
3913,4.284933567047119,0,19545,97.7249984741211,15805.576171875
3914,0.01777052879333496,0,19545,97.7249984741211,15805.59375
3915,4.0423359870910645,0,19545,97.7249984741211,15809.6357421875
3916,0.0005067387828603387,0,19545,97.7249984741211,15809.63671875
3917,0.9004485011100769,0,19545,97.7249984741211,15810.537109375
3918,0.00015000501298345625,0,19545,97.7249984741211,15810.537109375
3919,0.9625003933906555,0,19545,97.7249984741211,15811.5
3920,0.0005524356965906918,0,19545,97.7249984741211,15811.5009765625
3921,1.6936895847320557,0,19545,97.7249984741211,15813.1943359375
3922,1.251697449333733e-05,0,19545,97.7249984741211,15813.1943359375
3923,3.340359687805176,0,19545,97.7249984741211,15816.53515625
3924,1.5722713470458984,0,19545,97.7249984741211,15818.107421875
3925,2.5471994876861572,0,19545,97.7249984741211,15820.654296875
3926,27.95075225830078,0,19545,97.7249984741211,15848.60546875
3927,0.1273522824048996,0,19545,97.7249984741211,15848.732421875
3928,0.0005904838326387107,0,19545,97.7249984741211,15848.7333984375
3929,4.307612895965576,0,19545,97.7249984741211,15853.041015625
3930,7.133785724639893,0,19545,97.7249984741211,15860.1748046875
3931,2.9492225646972656,0,19545,97.7249984741211,15863.1240234375
3932,7.390183448791504,0,19545,97.7249984741211,15870.5146484375
3933,3.5780346393585205,0,19545,97.7249984741211,15874.0927734375
3934,17.068506240844727,1,19546,97.72999572753906,15891.1611328125
3935,1.3303041458129883,0,19546,97.72999572753906,15892.4912109375
3936,0.0003759066166821867,0,19546,97.72999572753906,15892.4912109375
3937,2.3557252883911133,0,19546,97.72999572753906,15894.8466796875
3938,18.000347137451172,1,19547,97.73500061035156,15912.8466796875
3939,2.2101891040802,0,19547,97.73500061035156,15915.056640625
3940,7.103504657745361,0,19547,97.73500061035156,15922.16015625
3941,3.606356143951416,0,19547,97.73500061035156,15925.7666015625
3942,6.093518257141113,0,19547,97.73500061035156,15931.8603515625
3943,2.7632129192352295,0,19547,97.73500061035156,15934.6240234375
3944,0.000143920915434137,0,19547,97.73500061035156,15934.6240234375
3945,4.497705459594727,0,19547,97.73500061035156,15939.1220703125
3946,7.554858207702637,0,19547,97.73500061035156,15946.6767578125
3947,1.4017376899719238,0,19547,97.73500061035156,15948.078125
3948,8.090163230895996,0,19547,97.73500061035156,15956.16796875
3949,0.303069144487381,0,19547,97.73500061035156,15956.470703125
3950,5.304813021211885e-05,0,19547,97.73500061035156,15956.470703125
3951,0.28225794434547424,0,19547,97.73500061035156,15956.7529296875
3952,6.556510470545618e-06,0,19547,97.73500061035156,15956.7529296875
3953,4.759012222290039,0,19547,97.73500061035156,15961.51171875
3954,19.165607452392578,0,19547,97.73500061035156,15980.677734375
3955,0.24779659509658813,0,19547,97.73500061035156,15980.92578125
3956,7.957213711051736e-06,0,19547,97.73500061035156,15980.92578125
3957,3.8406319618225098,0,19547,97.73500061035156,15984.7666015625
3958,4.297518730163574,0,19547,97.73500061035156,15989.064453125
3959,0.3402208089828491,0,19547,97.73500061035156,15989.404296875
3960,0.0002547105250414461,0,19547,97.73500061035156,15989.404296875
3961,1.2426875829696655,0,19547,97.73500061035156,15990.6474609375
3962,4.311402517487295e-05,0,19547,97.73500061035156,15990.6474609375
3963,0.668847382068634,0,19547,97.73500061035156,15991.31640625
3964,0.00020364919328130782,0,19547,97.73500061035156,15991.31640625
3965,4.6203107833862305,0,19547,97.73500061035156,15995.9365234375
3966,5.949690341949463,0,19547,97.73500061035156,16001.8857421875
3967,3.880045175552368,0,19547,97.73500061035156,16005.765625
3968,5.996404647827148,0,19547,97.73500061035156,16011.76171875
3969,3.8984882831573486,0,19547,97.73500061035156,16015.66015625
3970,19.173856735229492,0,19547,97.73500061035156,16034.833984375
3971,0.7929766178131104,0,19547,97.73500061035156,16035.626953125
3972,0.00012731550668831915,0,19547,97.73500061035156,16035.626953125
3973,4.308443546295166,0,19547,97.73500061035156,16039.935546875
3974,19.047725677490234,0,19547,97.73500061035156,16058.9833984375
3975,2.864224672317505,0,19547,97.73500061035156,16061.84765625
3976,4.6002197265625,0,19547,97.73500061035156,16066.4482421875
3977,3.3808250427246094,0,19547,97.73500061035156,16069.8291015625
3978,1.4050520658493042,0,19547,97.73500061035156,16071.234375
3979,2.9609546661376953,0,19547,97.73500061035156,16074.1953125
3980,0.35241302847862244,0,19547,97.73500061035156,16074.5478515625
3981,3.65714430809021,0,19547,97.73500061035156,16078.205078125
3982,0.016801729798316956,0,19547,97.73500061035156,16078.2216796875
3983,2.541597843170166,0,19547,97.73500061035156,16080.763671875
3984,0.0004255771345924586,0,19547,97.73500061035156,16080.763671875
3985,4.9136643409729,0,19547,97.73500061035156,16085.677734375
3986,7.515143394470215,0,19547,97.73500061035156,16093.193359375
3987,2.3314223289489746,0,19547,97.73500061035156,16095.5244140625
3988,0.0003087528166361153,0,19547,97.73500061035156,16095.5244140625
3989,0.6247497797012329,0,19547,97.73500061035156,16096.1494140625
3990,0.00012298424553591758,0,19547,97.73500061035156,16096.1494140625
3991,3.570774555206299,0,19547,97.73500061035156,16099.7197265625
3992,6.624044895172119,0,19547,97.73500061035156,16106.34375
3993,2.6688053607940674,0,19547,97.73500061035156,16109.0126953125
3994,1.9067184925079346,0,19547,97.73500061035156,16110.9189453125
3995,0.6615436673164368,0,19547,97.73500061035156,16111.580078125
3996,7.987120625330135e-05,0,19547,97.73500061035156,16111.580078125
3997,2.4251744747161865,0,19547,97.73500061035156,16114.0048828125
3998,0.0011511642951518297,0,19547,97.73500061035156,16114.005859375
3999,2.6417574882507324,0,19547,97.73500061035156,16116.6474609375
4000,6.021986961364746,0,19547,97.73500061035156,16122.669921875
4001,3.472454309463501,0,19547,97.73500061035156,16126.142578125
4002,0.00034602978848852217,0,19547,97.73500061035156,16126.142578125
4003,3.8577840328216553,0,19547,97.73500061035156,16130.0
4004,5.687114715576172,1,19548,97.73999786376953,16135.6875
4005,4.907118797302246,0,19548,97.73999786376953,16140.5947265625
4006,5.725724697113037,0,19548,97.73999786376953,16146.3203125
4007,3.6368236541748047,0,19548,97.73999786376953,16149.95703125
4008,15.942862510681152,0,19548,97.73999786376953,16165.8994140625
4009,1.9047425985336304,0,19548,97.73999786376953,16167.8037109375
4010,3.8054678440093994,0,19548,97.73999786376953,16171.609375
4011,3.7872183322906494,0,19548,97.73999786376953,16175.396484375
4012,0.9050695896148682,0,19548,97.73999786376953,16176.3017578125
4013,1.0449695587158203,0,19548,97.73999786376953,16177.3466796875
4014,1.4702478438266553e-05,0,19548,97.73999786376953,16177.3466796875
4015,4.00317907333374,0,19548,97.73999786376953,16181.349609375
4016,8.131804466247559,0,19548,97.73999786376953,16189.4814453125
4017,1.256174921989441,0,19548,97.73999786376953,16190.7373046875
4018,7.071416621329263e-05,0,19548,97.73999786376953,16190.7373046875
4019,1.8049085140228271,0,19548,97.73999786376953,16192.5419921875
4020,0.0014450468588620424,0,19548,97.73999786376953,16192.54296875
4021,3.0371150970458984,0,19548,97.73999786376953,16195.580078125
4022,5.696195602416992,1,19549,97.74500274658203,16201.2763671875
4023,0.6367325782775879,0,19549,97.74500274658203,16201.9130859375
4024,0.00023444795806426555,0,19549,97.74500274658203,16201.9130859375
4025,1.2500118017196655,0,19549,97.74500274658203,16203.1630859375
4026,5.880991375306621e-05,0,19549,97.74500274658203,16203.1630859375
4027,0.831203281879425,0,19549,97.74500274658203,16203.994140625
4028,0.0002789497375488281,0,19549,97.74500274658203,16203.994140625
4029,0.23782148957252502,0,19549,97.74500274658203,16204.232421875
4030,0.0003767013258766383,0,19549,97.74500274658203,16204.232421875
4031,2.1688458919525146,0,19549,97.74500274658203,16206.4013671875
4032,6.911924362182617,0,19549,97.74500274658203,16213.3134765625
4033,2.134685516357422,0,19549,97.74500274658203,16215.4482421875
4034,0.000298060302156955,0,19549,97.74500274658203,16215.4482421875
4035,2.458216905593872,0,19549,97.74500274658203,16217.90625
4036,11.037883758544922,0,19549,97.74500274658203,16228.9443359375
4037,4.074512004852295,0,19549,97.74500274658203,16233.0185546875
4038,20.7570743560791,0,19549,97.74500274658203,16253.775390625
4039,1.1478493213653564,0,19549,97.74500274658203,16254.9228515625
4040,1.9637305736541748,0,19549,97.74500274658203,16256.88671875
4041,3.7983508110046387,0,19549,97.74500274658203,16260.685546875
4042,20.252893447875977,0,19549,97.74500274658203,16280.9384765625
4043,2.9058644771575928,0,19549,97.74500274658203,16283.8447265625
4044,24.105091094970703,0,19549,97.74500274658203,16307.9501953125
4045,0.468561589717865,0,19549,97.74500274658203,16308.4189453125
4046,0.00027101291925646365,0,19549,97.74500274658203,16308.4189453125
4047,1.0221540927886963,0,19549,97.74500274658203,16309.44140625
4048,0.0013136863708496094,0,19549,97.74500274658203,16309.4423828125
4049,4.143698215484619,0,19549,97.74500274658203,16313.5859375
4050,13.940056800842285,0,19549,97.74500274658203,16327.5263671875
4051,3.997204065322876,0,19549,97.74500274658203,16331.5234375
4052,0.0019763351883739233,0,19549,97.74500274658203,16331.525390625
4053,1.1331734657287598,0,19549,97.74500274658203,16332.658203125
4054,0.00027597558801062405,0,19549,97.74500274658203,16332.658203125
4055,1.1037015914916992,0,19549,97.74500274658203,16333.76171875
4056,6.047782790119527e-07,0,19549,97.74500274658203,16333.76171875
4057,2.951620578765869,0,19549,97.74500274658203,16336.712890625
4058,12.25524616241455,0,19549,97.74500274658203,16348.9677734375
4059,3.0140838623046875,0,19549,97.74500274658203,16351.9814453125
4060,9.452204704284668,0,19549,97.74500274658203,16361.43359375
4061,1.4851415157318115,0,19549,97.74500274658203,16362.9189453125
4062,0.00025431319954805076,0,19549,97.74500274658203,16362.9189453125
4063,4.26608419418335,0,19549,97.74500274658203,16367.1845703125
4064,2.579115629196167,0,19549,97.74500274658203,16369.763671875
4065,1.44052255153656,0,19549,97.74500274658203,16371.2041015625
4066,21.781742095947266,0,19549,97.74500274658203,16392.986328125
4067,4.382809162139893,0,19549,97.74500274658203,16397.369140625
4068,4.773789405822754,0,19549,97.74500274658203,16402.142578125
4069,3.1511757373809814,0,19549,97.74500274658203,16405.29296875
4070,11.690292358398438,0,19549,97.74500274658203,16416.982421875
4071,1.955964207649231,0,19549,97.74500274658203,16418.9375
4072,8.716550827026367,0,19549,97.74500274658203,16427.654296875
4073,4.183279037475586,0,19549,97.74500274658203,16431.837890625
4074,6.88738489151001,0,19549,97.74500274658203,16438.724609375
4075,4.5556135177612305,0,19549,97.74500274658203,16443.279296875
4076,8.659225463867188,0,19549,97.74500274658203,16451.939453125
4077,3.3067972660064697,0,19549,97.74500274658203,16455.24609375
4078,0.0010264342417940497,0,19549,97.74500274658203,16455.248046875
4079,0.36563748121261597,0,19549,97.74500274658203,16455.61328125
4080,0.0005514013464562595,0,19549,97.74500274658203,16455.61328125
4081,1.1230576038360596,0,19549,97.74500274658203,16456.736328125
4082,12.458906173706055,0,19549,97.74500274658203,16469.1953125
4083,0.11119851469993591,0,19549,97.74500274658203,16469.306640625
4084,3.0210141630959697e-05,0,19549,97.74500274658203,16469.306640625
4085,1.9401345252990723,0,19549,97.74500274658203,16471.24609375
4086,0.0007046759128570557,0,19549,97.74500274658203,16471.24609375
4087,3.293030023574829,0,19549,97.74500274658203,16474.5390625
4088,5.752244472503662,0,19549,97.74500274658203,16480.291015625
4089,2.232553720474243,0,19549,97.74500274658203,16482.5234375
4090,0.0004004654474556446,0,19549,97.74500274658203,16482.5234375
4091,0.09182202816009521,0,19549,97.74500274658203,16482.615234375
4092,0.0004505682736635208,0,19549,97.74500274658203,16482.615234375
4093,2.156609296798706,0,19549,97.74500274658203,16484.771484375
4094,5.9580183029174805,0,19549,97.74500274658203,16490.73046875
4095,3.5063655376434326,0,19549,97.74500274658203,16494.236328125
4096,8.011603355407715,0,19549,97.74500274658203,16502.248046875
4097,0.6559098958969116,0,19549,97.74500274658203,16502.904296875
4098,0.000327430316247046,0,19549,97.74500274658203,16502.904296875
4099,3.1452579498291016,0,19549,97.74500274658203,16506.048828125
4100,0.0008614857797510922,0,19549,97.74500274658203,16506.048828125
4101,4.61211633682251,0,19549,97.74500274658203,16510.66015625
4102,7.956856727600098,0,19549,97.74500274658203,16518.6171875
4103,2.368962526321411,0,19549,97.74500274658203,16520.986328125
4104,0.0003812138456851244,0,19549,97.74500274658203,16520.986328125
4105,3.2598586082458496,0,19549,97.74500274658203,16524.24609375
4106,0.0008465239661745727,0,19549,97.74500274658203,16524.24609375
4107,1.893307089805603,0,19549,97.74500274658203,16526.138671875
4108,16.075632095336914,0,19549,97.74500274658203,16542.21484375
4109,2.5728745460510254,0,19549,97.74500274658203,16544.787109375
4110,0.0010861054761335254,0,19549,97.74500274658203,16544.7890625
4111,1.4397727251052856,0,19549,97.74500274658203,16546.228515625
4112,0.00012784033606294543,0,19549,97.74500274658203,16546.228515625
4113,1.0464130640029907,0,19549,97.74500274658203,16547.275390625
4114,0.000547603762242943,0,19549,97.74500274658203,16547.275390625
4115,3.3693647384643555,0,19549,97.74500274658203,16550.64453125
4116,12.759004592895508,0,19549,97.74500274658203,16563.404296875
4117,2.33231520652771,0,19549,97.74500274658203,16565.736328125
4118,14.975179672241211,0,19549,97.74500274658203,16580.7109375
4119,0.11165613681077957,0,19549,97.74500274658203,16580.822265625
4120,1.829602479119785e-05,0,19549,97.74500274658203,16580.822265625
4121,0.6229113340377808,0,19549,97.74500274658203,16581.4453125
4122,0.00015934307884890586,0,19549,97.74500274658203,16581.4453125
4123,0.14712226390838623,0,19549,97.74500274658203,16581.591796875
4124,0.00019907949899788946,0,19549,97.74500274658203,16581.591796875
4125,2.967560052871704,0,19549,97.74500274658203,16584.55859375
4126,4.364625930786133,0,19549,97.74500274658203,16588.923828125
4127,0.6007575988769531,0,19549,97.74500274658203,16589.525390625
4128,0.0001629193575354293,0,19549,97.74500274658203,16589.525390625
4129,3.1267247200012207,0,19549,97.74500274658203,16592.65234375
4130,0.005481243133544922,0,19549,97.74500274658203,16592.658203125
4131,3.6880311965942383,0,19549,97.74500274658203,16596.345703125
4132,6.721127510070801,0,19549,97.74500274658203,16603.06640625
4133,4.541487693786621,0,19549,97.74500274658203,16607.607421875
4134,5.6420674324035645,0,19549,97.74500274658203,16613.25
4135,2.318819522857666,0,19549,97.74500274658203,16615.568359375
4136,0.000594457087572664,0,19549,97.74500274658203,16615.568359375
4137,2.246115207672119,0,19549,97.74500274658203,16617.814453125
4138,0.00012238819908816367,0,19549,97.74500274658203,16617.814453125
4139,3.9359638690948486,0,19549,97.74500274658203,16621.75
4140,7.347771167755127,0,19549,97.74500274658203,16629.09765625
4141,0.3810919225215912,0,19549,97.74500274658203,16629.478515625
4142,0.00045387595309875906,0,19549,97.74500274658203,16629.478515625
4143,0.6782556176185608,0,19549,97.74500274658203,16630.15625
4144,0.00018751260358840227,0,19549,97.74500274658203,16630.15625
4145,1.6373264789581299,0,19549,97.74500274658203,16631.79296875
4146,0.00018939746951218694,0,19549,97.74500274658203,16631.79296875
4147,1.6444051265716553,0,19549,97.74500274658203,16633.4375
4148,0.00018939746951218694,0,19549,97.74500274658203,16633.4375
4149,0.822335422039032,0,19549,97.74500274658203,16634.259765625
4150,0.0,0,19549,97.74500274658203,16634.259765625
4151,2.8276336193084717,0,19549,97.74500274658203,16637.087890625
4152,14.257534980773926,0,19549,97.74500274658203,16651.345703125
4153,1.768040657043457,0,19549,97.74500274658203,16653.11328125
4154,2.225239950348623e-05,0,19549,97.74500274658203,16653.11328125
4155,1.311441421508789,0,19549,97.74500274658203,16654.423828125
4156,0.00041246411274187267,0,19549,97.74500274658203,16654.423828125
4157,3.108774185180664,0,19549,97.74500274658203,16657.533203125
4158,0.0005968411569483578,0,19549,97.74500274658203,16657.533203125
4159,3.569145917892456,0,19549,97.74500274658203,16661.1015625
4160,9.11988353729248,0,19549,97.74500274658203,16670.220703125
4161,4.449273109436035,0,19549,97.74500274658203,16674.669921875
4162,15.932818412780762,0,19549,97.74500274658203,16690.603515625
4163,1.4106700420379639,0,19549,97.74500274658203,16692.013671875
4164,0.0002841198875103146,0,19549,97.74500274658203,16692.013671875
4165,2.531822681427002,0,19549,97.74500274658203,16694.544921875
4166,3.7834134101867676,0,19549,97.74500274658203,16698.328125
4167,2.1642682552337646,0,19549,97.74500274658203,16700.4921875
4168,0.00024636584566906095,0,19549,97.74500274658203,16700.4921875
4169,1.9485889673233032,0,19549,97.74500274658203,16702.44140625
4170,0.00022252400231081992,0,19549,97.74500274658203,16702.44140625
4171,3.0512783527374268,0,19549,97.74500274658203,16705.4921875
4172,27.778060913085938,0,19549,97.74500274658203,16733.26953125
4173,2.2830007076263428,0,19549,97.74500274658203,16735.552734375
4174,0.00034074080758728087,0,19549,97.74500274658203,16735.552734375
4175,1.6679366827011108,0,19549,97.74500274658203,16737.220703125
4176,8.52346420288086e-05,0,19549,97.74500274658203,16737.220703125
4177,3.3949196338653564,0,19549,97.74500274658203,16740.615234375
4178,9.479622840881348,0,19549,97.74500274658203,16750.095703125
4179,0.1634836047887802,0,19549,97.74500274658203,16750.259765625
4180,0.00014702962653245777,0,19549,97.74500274658203,16750.259765625
4181,3.6417694091796875,0,19549,97.74500274658203,16753.90234375
4182,3.04789137840271,0,19549,97.74500274658203,16756.951171875
4183,4.790839672088623,0,19549,97.74500274658203,16761.7421875
4184,5.332019805908203,0,19549,97.74500274658203,16767.07421875
4185,0.2823065221309662,0,19549,97.74500274658203,16767.357421875
4186,0.0009171167621389031,0,19549,97.74500274658203,16767.357421875
4187,4.475404739379883,0,19549,97.74500274658203,16771.83203125
4188,6.7492451667785645,0,19549,97.74500274658203,16778.58203125
4189,0.18553373217582703,0,19549,97.74500274658203,16778.767578125
4190,0.00020980833505745977,0,19549,97.74500274658203,16778.767578125
4191,3.873249053955078,0,19549,97.74500274658203,16782.640625
4192,4.435088634490967,0,19549,97.74500274658203,16787.076171875
4193,3.4111580848693848,0,19549,97.74500274658203,16790.48828125
4194,1.3652712106704712,0,19549,97.74500274658203,16791.853515625
4195,1.289825439453125,0,19549,97.74500274658203,16793.142578125
4196,0.00019947686814703047,0,19549,97.74500274658203,16793.142578125
4197,2.288327217102051,0,19549,97.74500274658203,16795.431640625
4198,0.00041921931551769376,0,19549,97.74500274658203,16795.431640625
4199,4.436661720275879,0,19549,97.74500274658203,16799.869140625
4200,0.38572755455970764,0,19549,97.74500274658203,16800.25390625
4201,4.692028522491455,0,19549,97.74500274658203,16804.9453125
4202,0.2471180111169815,0,19549,97.74500274658203,16805.193359375
4203,2.999119281768799,0,19549,97.74500274658203,16808.193359375
4204,14.28756332397461,0,19549,97.74500274658203,16822.48046875
4205,3.874884605407715,0,19549,97.74500274658203,16826.35546875
4206,11.88450813293457,0,19549,97.74500274658203,16838.240234375
4207,3.9762446880340576,0,19549,97.74500274658203,16842.216796875
4208,19.668601989746094,0,19549,97.74500274658203,16861.884765625
4209,3.563016176223755,0,19549,97.74500274658203,16865.447265625
4210,11.230538368225098,0,19549,97.74500274658203,16876.677734375
4211,1.2423943281173706,0,19549,97.74500274658203,16877.919921875
4212,4.695378811447881e-05,0,19549,97.74500274658203,16877.919921875
4213,3.413923501968384,0,19549,97.74500274658203,16881.333984375
4214,11.664288520812988,0,19549,97.74500274658203,16892.998046875
4215,4.579662799835205,0,19549,97.74500274658203,16897.578125
4216,10.361469268798828,0,19549,97.74500274658203,16907.939453125
4217,1.1949799060821533,0,19549,97.74500274658203,16909.134765625
4218,0.00020375385065563023,0,19549,97.74500274658203,16909.134765625
4219,0.7018865346908569,0,19549,97.74500274658203,16909.8359375
4220,3.606395694077946e-05,0,19549,97.74500274658203,16909.8359375
4221,1.3192760944366455,0,19549,97.74500274658203,16911.154296875
4222,0.00045312143629416823,0,19549,97.74500274658203,16911.154296875
4223,0.14417049288749695,0,19549,97.74500274658203,16911.298828125
4224,0.000551825447473675,0,19549,97.74500274658203,16911.298828125
4225,2.9784915447235107,0,19549,97.74500274658203,16914.27734375
4226,16.89362335205078,0,19549,97.74500274658203,16931.171875
4227,4.350718021392822,0,19549,97.74500274658203,16935.5234375
4228,22.989702224731445,0,19549,97.74500274658203,16958.513671875
4229,1.9870672225952148,0,19549,97.74500274658203,16960.5
4230,4.711913585662842,0,19549,97.74500274658203,16965.2109375
4231,2.5149083137512207,0,19549,97.74500274658203,16967.7265625
4232,8.040943145751953,0,19549,97.74500274658203,16975.767578125
4233,1.106667399406433,0,19549,97.74500274658203,16976.875
4234,0.0004980962839908898,0,19549,97.74500274658203,16976.875
4235,0.644334614276886,0,19549,97.74500274658203,16977.51953125
4236,0.0017768143443390727,0,19549,97.74500274658203,16977.521484375
4237,3.34521484375,0,19549,97.74500274658203,16980.8671875
4238,0.00029027462005615234,0,19549,97.74500274658203,16980.8671875
4239,4.243808746337891,0,19549,97.74500274658203,16985.111328125
4240,9.268105506896973,0,19549,97.74500274658203,16994.37890625
4241,4.94471549987793,0,19549,97.74500274658203,16999.32421875
4242,9.35373306274414,0,19549,97.74500274658203,17008.677734375
4243,1.8123279809951782,0,19549,97.74500274658203,17010.490234375
4244,0.0003916075511369854,0,19549,97.74500274658203,17010.490234375
4245,4.614432334899902,0,19549,97.74500274658203,17015.10546875
4246,5.192569732666016,0,19549,97.74500274658203,17020.298828125
4247,1.949408769607544,0,19549,97.74500274658203,17022.248046875
4248,4.013379293610342e-05,0,19549,97.74500274658203,17022.248046875
4249,4.448835372924805,0,19549,97.74500274658203,17026.697265625
4250,7.617072582244873,0,19549,97.74500274658203,17034.314453125
4251,3.290070056915283,0,19549,97.74500274658203,17037.60546875
4252,5.879217624664307,0,19549,97.74500274658203,17043.484375
4253,2.2327444553375244,0,19549,97.74500274658203,17045.716796875
4254,0.000711629749275744,0,19549,97.74500274658203,17045.716796875
4255,1.8567858934402466,0,19549,97.74500274658203,17047.57421875
4256,8.509941101074219,1,19550,97.75,17056.083984375
4257,0.29097780585289,0,19550,97.75,17056.375
4258,0.0002590824442449957,0,19550,97.75,17056.375
4259,1.3000308275222778,0,19550,97.75,17057.67578125
4260,0.00351309753023088,0,19550,97.75,17057.6796875
4261,4.8863420486450195,0,19550,97.75,17062.56640625
4262,12.21120548248291,0,19550,97.75,17074.77734375
4263,1.3941478729248047,0,19550,97.75,17076.171875
4264,0.000383459817385301,0,19550,97.75,17076.171875
4265,4.599183559417725,0,19550,97.75,17080.771484375
4266,21.311880111694336,0,19550,97.75,17102.083984375
4267,1.3062083721160889,0,19550,97.75,17103.390625
4268,1.4561080932617188,0,19550,97.75,17104.84765625
4269,0.30917760729789734,0,19550,97.75,17105.15625
4270,0.00014623005699831992,0,19550,97.75,17105.15625
4271,4.323277950286865,0,19550,97.75,17109.48046875
4272,0.4270879328250885,0,19550,97.75,17109.908203125
4273,2.1757469177246094,0,19550,97.75,17112.083984375
4274,21.66211700439453,0,19550,97.75,17133.74609375
4275,4.194460868835449,0,19550,97.75,17137.94140625
4276,4.938616752624512,0,19550,97.75,17142.880859375
4277,1.2532269954681396,0,19550,97.75,17144.134765625
4278,0.001327991602011025,0,19550,97.75,17144.13671875
4279,2.1472535133361816,0,19550,97.75,17146.283203125
4280,8.344650268554688e-06,0,19550,97.75,17146.283203125
4281,2.3026809692382812,0,19550,97.75,17148.5859375
4282,0.002222458366304636,0,19550,97.75,17148.587890625
4283,1.393270492553711,0,19550,97.75,17149.98046875
4284,8.529756546020508,0,19550,97.75,17158.509765625
4285,4.479292392730713,0,19550,97.75,17162.98828125
4286,9.666056632995605,0,19550,97.75,17172.654296875
4287,1.6804214715957642,0,19550,97.75,17174.333984375
4288,0.00025669732713140547,0,19550,97.75,17174.333984375
4289,0.30715814232826233,0,19550,97.75,17174.640625
4290,0.0003790855116676539,0,19550,97.75,17174.640625
4291,2.1572537422180176,0,19550,97.75,17176.798828125
4292,4.672246932983398,0,19550,97.75,17181.470703125
4293,3.7396175861358643,0,19550,97.75,17185.2109375
4294,2.797522783279419,0,19550,97.75,17188.0078125
4295,2.4629600048065186,0,19550,97.75,17190.470703125
4296,0.001967648509889841,0,19550,97.75,17190.47265625
4297,1.269621729850769,0,19550,97.75,17191.7421875
4298,0.00023057062935549766,0,19550,97.75,17191.7421875
4299,4.33445930480957,0,19550,97.75,17196.076171875
4300,6.173191070556641,0,19550,97.75,17202.25
4301,4.305905818939209,0,19550,97.75,17206.556640625
4302,3.860659122467041,0,19550,97.75,17210.41796875
4303,3.1633920669555664,0,19550,97.75,17213.58203125
4304,6.568849086761475,0,19550,97.75,17220.150390625
4305,3.241041660308838,0,19550,97.75,17223.390625
4306,5.695182800292969,0,19550,97.75,17229.0859375
4307,1.9054172039031982,0,19550,97.75,17230.9921875
4308,0.0011925926664844155,0,19550,97.75,17230.994140625
4309,4.597702980041504,0,19550,97.75,17235.591796875
4310,7.0712127685546875,0,19550,97.75,17242.662109375
4311,1.4685783386230469,0,19550,97.75,17244.130859375
4312,0.00014007091522216797,0,19550,97.75,17244.130859375
4313,4.833403587341309,0,19550,97.75,17248.96484375
4314,4.406434535980225,0,19550,97.75,17253.37109375
4315,2.249305009841919,0,19550,97.75,17255.62109375
4316,0.00011980536510236561,0,19550,97.75,17255.62109375
4317,4.451864719390869,0,19550,97.75,17260.072265625
4318,15.980344772338867,0,19550,97.75,17276.052734375
4319,2.0109639167785645,0,19550,97.75,17278.064453125
4320,0.000216966713196598,0,19550,97.75,17278.064453125
4321,0.27839887142181396,0,19550,97.75,17278.34375
4322,0.00014066696166992188,0,19550,97.75,17278.34375
4323,1.9747473001480103,0,19550,97.75,17280.318359375
4324,7.375344753265381,0,19550,97.75,17287.693359375
4325,4.815135955810547,0,19550,97.75,17292.5078125
4326,12.346179008483887,0,19550,97.75,17304.853515625
4327,1.126265525817871,0,19550,97.75,17305.98046875
4328,0.00031232935725711286,0,19550,97.75,17305.98046875
4329,0.8577119708061218,0,19550,97.75,17306.837890625
4330,0.0011706352233886719,0,19550,97.75,17306.83984375
4331,3.371760845184326,0,19550,97.75,17310.2109375
4332,4.0837202072143555,0,19550,97.75,17314.294921875
4333,1.3346086740493774,0,19550,97.75,17315.62890625
4334,0.00016609826707281172,0,19550,97.75,17315.62890625
4335,1.6119989156723022,0,19550,97.75,17317.240234375
4336,0.0034602482337504625,0,19550,97.75,17317.244140625
4337,0.6466519236564636,0,19550,97.75,17317.890625
4338,8.814477920532227,0,19550,97.75,17326.705078125
4339,4.066213607788086,0,19550,97.75,17330.771484375
4340,12.819353103637695,0,19550,97.75,17343.591796875
4341,0.9089433550834656,0,19550,97.75,17344.5
4342,0.000376702198991552,0,19550,97.75,17344.5
4343,0.5550920963287354,0,19550,97.75,17345.0546875
4344,0.00018159547471441329,0,19550,97.75,17345.0546875
4345,4.492311000823975,0,19550,97.75,17349.546875
4346,8.485257148742676,0,19550,97.75,17358.03125
4347,2.5979671478271484,0,19550,97.75,17360.62890625
4348,28.948509216308594,0,19550,97.75,17389.578125
4349,3.21781587600708,0,19550,97.75,17392.796875
4350,0.0008845386328175664,0,19550,97.75,17392.796875
4351,4.0655388832092285,0,19550,97.75,17396.86328125
4352,0.0014662741450592875,0,19550,97.75,17396.865234375
4353,1.352697730064392,0,19550,97.75,17398.21875
4354,1.571711540222168,0,19550,97.75,17399.791015625
4355,0.9647380113601685,0,19550,97.75,17400.755859375
4356,0.0009465217008255422,0,19550,97.75,17400.755859375
4357,0.19023898243904114,0,19550,97.75,17400.9453125
4358,0.0006755192880518734,0,19550,97.75,17400.9453125
4359,2.110081672668457,0,19550,97.75,17403.0546875
4360,7.232029747683555e-05,0,19550,97.75,17403.0546875
4361,1.4008185863494873,0,19550,97.75,17404.455078125
4362,0.0006429353961721063,0,19550,97.75,17404.455078125
4363,2.1544549465179443,0,19550,97.75,17406.609375
4364,8.900959801394492e-05,0,19550,97.75,17406.609375
4365,3.3005173206329346,0,19550,97.75,17409.91015625
4366,11.182631492614746,0,19550,97.75,17421.09375
4367,2.281529664993286,0,19550,97.75,17423.375
4368,0.0002644462219905108,0,19550,97.75,17423.375
4369,1.416561484336853,0,19550,97.75,17424.791015625
4370,0.03052453137934208,0,19550,97.75,17424.822265625
4371,1.0583651065826416,0,19550,97.75,17425.880859375
4372,0.0004156430368311703,0,19550,97.75,17425.880859375
4373,0.3370201289653778,0,19550,97.75,17426.21875
4374,0.000271399796474725,0,19550,97.75,17426.21875
4375,3.722008228302002,0,19550,97.75,17429.94140625
4376,7.992031097412109,0,19550,97.75,17437.93359375
4377,0.1002049446105957,0,19550,97.75,17438.033203125
4378,7.163586360547924e-06,0,19550,97.75,17438.033203125
4379,2.1258842945098877,0,19550,97.75,17440.158203125
4380,0.0015385944861918688,0,19550,97.75,17440.16015625
4381,1.475001335144043,0,19550,97.75,17441.634765625
4382,0.00015298524522222579,0,19550,97.75,17441.634765625
4383,2.2946929931640625,0,19550,97.75,17443.9296875
4384,1.7332903146743774,0,19550,97.75,17445.662109375
4385,0.7460975646972656,0,19550,97.75,17446.408203125
4386,0.00032345452927984297,0,19550,97.75,17446.408203125
4387,1.593550205230713,0,19550,97.75,17448.001953125
4388,7.828076195437461e-05,0,19550,97.75,17448.001953125
4389,1.7860424518585205,0,19550,97.75,17449.787109375
4390,0.0015064079780131578,0,19550,97.75,17449.7890625
4391,2.656838893890381,0,19550,97.75,17452.4453125
4392,0.00010927517723757774,0,19550,97.75,17452.4453125
4393,2.202002763748169,0,19550,97.75,17454.646484375
4394,0.0006051858072169125,0,19550,97.75,17454.646484375
4395,0.4313719570636749,0,19550,97.75,17455.078125
4396,0.00034054118441417813,0,19550,97.75,17455.078125
4397,2.869351863861084,0,19550,97.75,17457.947265625
4398,0.9940411448478699,0,19550,97.75,17458.94140625
4399,2.492584228515625,0,19550,97.75,17461.43359375
4400,0.00019907949899788946,0,19550,97.75,17461.43359375
4401,3.1237635612487793,0,19550,97.75,17464.556640625
4402,0.002267757896333933,0,19550,97.75,17464.55859375
4403,4.5053277015686035,0,19550,97.75,17469.064453125
4404,0.9510794878005981,0,19550,97.75,17470.015625
4405,3.136936664581299,0,19550,97.75,17473.15234375
4406,8.013402938842773,0,19550,97.75,17481.166015625
4407,2.0756850242614746,0,19550,97.75,17483.2421875
4408,0.00015982739569153637,0,19550,97.75,17483.2421875
4409,3.2376492023468018,0,19550,97.75,17486.48046875
4410,7.172956943511963,0,19550,97.75,17493.654296875
4411,4.195644855499268,0,19550,97.75,17497.849609375
4412,5.821504592895508,0,19550,97.75,17503.671875
4413,0.5418301820755005,0,19550,97.75,17504.212890625
4414,4.0729839383857325e-05,0,19550,97.75,17504.212890625
4415,4.6468634605407715,0,19550,97.75,17508.859375
4416,3.8888046741485596,0,19550,97.75,17512.748046875
4417,4.54934549331665,0,19550,97.75,17517.296875
4418,5.5493645668029785,0,19550,97.75,17522.845703125
4419,0.07817492634057999,0,19550,97.75,17522.923828125
4420,0.000636379059869796,0,19550,97.75,17522.923828125
4421,2.5805411338806152,0,19550,97.75,17525.50390625
4422,9.911609649658203,0,19550,97.75,17535.416015625
4423,2.0332298278808594,0,19550,97.75,17537.44921875
4424,0.0003759066166821867,0,19550,97.75,17537.44921875
4425,1.9319889545440674,0,19550,97.75,17539.380859375
4426,6.050006866455078,0,19550,97.75,17545.431640625
4427,3.3912670612335205,0,19550,97.75,17548.822265625
4428,2.845292091369629,0,19550,97.75,17551.66796875
4429,3.119060516357422,0,19550,97.75,17554.787109375
4430,17.262020111083984,0,19550,97.75,17572.048828125
4431,1.479396939277649,0,19550,97.75,17573.52734375
4432,0.0018374131759628654,0,19550,97.75,17573.529296875
4433,1.6326736211776733,0,19550,97.75,17575.162109375
4434,0.00012715657067019492,0,19550,97.75,17575.162109375
4435,3.9295716285705566,0,19550,97.75,17579.091796875
4436,5.045657634735107,0,19550,97.75,17584.13671875
4437,0.5284069180488586,0,19550,97.75,17584.666015625
4438,0.00039100644062273204,0,19550,97.75,17584.666015625
4439,3.0766615867614746,0,19550,97.75,17587.7421875
4440,0.0006039937143214047,0,19550,97.75,17587.7421875
4441,4.715518474578857,0,19550,97.75,17592.45703125
4442,13.574539184570312,0,19550,97.75,17606.03125
4443,4.643675804138184,0,19550,97.75,17610.67578125
4444,14.611305236816406,0,19550,97.75,17625.287109375
4445,3.4489760398864746,0,19550,97.75,17628.736328125
4446,13.701902389526367,0,19550,97.75,17642.4375
4447,1.9910715818405151,0,19550,97.75,17644.427734375
4448,0.0006771087646484375,0,19550,97.75,17644.427734375
4449,0.13440977036952972,0,19550,97.75,17644.5625
4450,0.0008519490365870297,0,19550,97.75,17644.5625
4451,4.720524311065674,0,19550,97.75,17649.283203125
4452,12.992344856262207,0,19550,97.75,17662.275390625
4453,4.001957416534424,0,19550,97.75,17666.27734375
4454,16.144014358520508,0,19550,97.75,17682.421875
4455,1.9585630893707275,0,19550,97.75,17684.380859375
4456,0.0009063354227691889,0,19550,97.75,17684.380859375
4457,3.1743249893188477,0,19550,97.75,17687.5546875
4458,0.00032705761259421706,0,19550,97.75,17687.5546875
4459,1.1352468729019165,0,19550,97.75,17688.689453125
4460,2.0296720322221518e-05,0,19550,97.75,17688.689453125
4461,4.466777801513672,0,19550,97.75,17693.15625
4462,12.633713722229004,0,19550,97.75,17705.7890625
4463,4.117470741271973,0,19550,97.75,17709.90625
4464,12.332304954528809,0,19550,97.75,17722.23828125
4465,3.062177896499634,0,19550,97.75,17725.30078125
4466,16.148681640625,0,19550,97.75,17741.44921875
4467,1.7977869510650635,0,19550,97.75,17743.24609375
4468,0.0004084935935679823,0,19550,97.75,17743.24609375
4469,1.0579321384429932,0,19550,97.75,17744.3046875
4470,0.015427270904183388,0,19550,97.75,17744.3203125
4471,0.9454749822616577,0,19550,97.75,17745.265625
4472,16.64764976501465,0,19550,97.75,17761.9140625
4473,2.925341844558716,0,19550,97.75,17764.83984375
4474,9.957014083862305,0,19550,97.75,17774.796875
4475,3.6284422874450684,0,19550,97.75,17778.42578125
4476,15.669812202453613,0,19550,97.75,17794.095703125
4477,1.0827720165252686,0,19550,97.75,17795.177734375
4478,0.00028453057166188955,0,19550,97.75,17795.177734375
4479,4.942655086517334,0,19550,97.75,17800.12109375
4480,11.705568313598633,0,19550,97.75,17811.826171875
4481,0.6761215329170227,0,19550,97.75,17812.501953125
4482,2.8654345442191698e-05,0,19550,97.75,17812.501953125
4483,1.7874444723129272,0,19550,97.75,17814.2890625
4484,0.0008808599086478353,0,19550,97.75,17814.2890625
4485,1.0421525239944458,0,19550,97.75,17815.33203125
4486,0.00020626698096748441,0,19550,97.75,17815.33203125
4487,4.14332914352417,0,19550,97.75,17819.474609375
4488,16.871810913085938,0,19550,97.75,17836.345703125
4489,0.7595766186714172,0,19550,97.75,17837.10546875
4490,4.7313056711573154e-05,0,19550,97.75,17837.10546875
4491,0.047075558453798294,0,19550,97.75,17837.15234375
4492,5.702177440980449e-05,0,19550,97.75,17837.15234375
4493,4.601946830749512,0,19550,97.75,17841.75390625
4494,17.371349334716797,0,19550,97.75,17859.125
4495,2.0917246341705322,0,19550,97.75,17861.216796875
4496,0.021473191678524017,0,19550,97.75,17861.23828125
4497,2.747596263885498,0,19550,97.75,17863.986328125
4498,17.611656188964844,0,19550,97.75,17881.59765625
4499,2.9988718032836914,0,19550,97.75,17884.595703125
4500,1.4412753582000732,0,19550,97.75,17886.037109375
4501,3.499774694442749,0,19550,97.75,17889.537109375
4502,0.6912121176719666,0,19550,97.75,17890.228515625
4503,4.665787220001221,0,19550,97.75,17894.89453125
4504,0.27346768975257874,0,19550,97.75,17895.16796875
4505,2.1515512466430664,0,19550,97.75,17897.3203125
4506,22.450841903686523,0,19550,97.75,17919.771484375
4507,2.801046133041382,0,19550,97.75,17922.572265625
4508,9.341073036193848,0,19550,97.75,17931.9140625
4509,2.2208962440490723,0,19550,97.75,17934.134765625
4510,3.1294069290161133,0,19550,97.75,17937.263671875
4511,1.3107967376708984,0,19550,97.75,17938.57421875
4512,8.44408423290588e-05,0,19550,97.75,17938.57421875
4513,4.215855121612549,0,19550,97.75,17942.791015625
4514,6.836447238922119,0,19550,97.75,17949.626953125
4515,0.41682595014572144,0,19550,97.75,17950.04296875
4516,0.0006008148193359375,0,19550,97.75,17950.04296875
4517,3.7964091300964355,0,19550,97.75,17953.83984375
4518,0.0013073284644633532,0,19550,97.75,17953.841796875
4519,4.6126790046691895,0,19550,97.75,17958.455078125
4520,2.6872730255126953,0,19550,97.75,17961.142578125
4521,3.630119562149048,0,19550,97.75,17964.7734375
4522,20.360780715942383,0,19550,97.75,17985.134765625
4523,4.045313358306885,0,19550,97.75,17989.1796875
4524,16.09762191772461,0,19550,97.75,18005.27734375
4525,2.0839285850524902,0,19550,97.75,18007.361328125
4526,0.011401176452636719,0,19550,97.75,18007.373046875
4527,3.7252731323242188,0,19550,97.75,18011.09765625
4528,16.075807571411133,0,19550,97.75,18027.173828125
4529,3.340515613555908,0,19550,97.75,18030.513671875
4530,0.00046443138853646815,0,19550,97.75,18030.513671875
4531,3.7611944675445557,0,19550,97.75,18034.275390625
4532,0.00214227382093668,0,19550,97.75,18034.27734375
4533,1.14609694480896,0,19550,97.75,18035.423828125
4534,0.0002787714474834502,0,19550,97.75,18035.423828125
4535,1.4236891269683838,0,19550,97.75,18036.84765625
4536,10.960197448730469,0,19550,97.75,18047.80859375
4537,3.207852840423584,0,19550,97.75,18051.015625
4538,15.715235710144043,0,19550,97.75,18066.73046875
4539,2.865755319595337,0,19550,97.75,18069.595703125
4540,0.0005849207518622279,0,19550,97.75,18069.595703125
4541,3.380070686340332,0,19550,97.75,18072.9765625
4542,12.340764045715332,0,19550,97.75,18085.31640625
4543,4.007732391357422,0,19550,97.75,18089.32421875
4544,15.607503890991211,0,19550,97.75,18104.931640625
4545,3.8531384468078613,0,19550,97.75,18108.78515625
4546,19.034624099731445,0,19550,97.75,18127.8203125
4547,3.2150042057037354,0,19550,97.75,18131.03515625
4548,11.00605583190918,0,19550,97.75,18142.041015625
4549,2.5077130794525146,0,19550,97.75,18144.548828125
4550,15.27701187133789,0,19550,97.75,18159.826171875
4551,4.040943145751953,0,19550,97.75,18163.8671875
4552,16.049686431884766,0,19550,97.75,18179.916015625
4553,4.678623199462891,0,19550,97.75,18184.59375
4554,15.668304443359375,0,19550,97.75,18200.26171875
4555,3.5057826042175293,0,19550,97.75,18203.767578125
4556,3.446870803833008,0,19550,97.75,18207.21484375
4557,1.2103091478347778,0,19550,97.75,18208.42578125
4558,0.0016816456336528063,0,19550,97.75,18208.427734375
4559,0.32889825105667114,0,19550,97.75,18208.755859375
4560,13.676908493041992,0,19550,97.75,18222.43359375
4561,1.283113956451416,0,19550,97.75,18223.716796875
4562,0.00034173770109191537,0,19550,97.75,18223.716796875
4563,3.4780125617980957,0,19550,97.75,18227.1953125
4564,9.11752986907959,0,19550,97.75,18236.3125
4565,4.616495132446289,0,19550,97.75,18240.9296875
4566,9.028046607971191,0,19550,97.75,18249.95703125
4567,3.761218786239624,0,19550,97.75,18253.71875
4568,2.024790048599243,0,19550,97.75,18255.744140625
4569,1.0686373710632324,0,19550,97.75,18256.8125
4570,0.012283125892281532,0,19550,97.75,18256.82421875
4571,4.391358852386475,0,19550,97.75,18261.21484375
4572,0.0008984406595118344,0,19550,97.75,18261.21484375
4573,0.9839687943458557,0,19550,97.75,18262.19921875
4574,1.6176811456680298,0,19550,97.75,18263.81640625
4575,0.9177599549293518,0,19550,97.75,18264.734375
4576,0.00010808313527377322,0,19550,97.75,18264.734375
4577,0.7973334789276123,0,19550,97.75,18265.53125
4578,0.00035365420626476407,0,19550,97.75,18265.53125
4579,1.9169126749038696,0,19550,97.75,18267.447265625
4580,0.00013669331383425742,0,19550,97.75,18267.447265625
4581,3.4137041568756104,0,19550,97.75,18270.861328125
4582,0.4275069534778595,0,19550,97.75,18271.2890625
4583,0.6689775586128235,0,19550,97.75,18271.958984375
4584,0.00023032227181829512,0,19550,97.75,18271.958984375
4585,4.502427101135254,0,19550,97.75,18276.4609375
4586,0.09921363741159439,0,19550,97.75,18276.560546875
4587,2.3290834426879883,0,19550,97.75,18278.888671875
4588,22.162397384643555,0,19550,97.75,18301.05078125
4589,2.696312665939331,0,19550,97.75,18303.748046875
4590,0.0007430716650560498,0,19550,97.75,18303.748046875
4591,2.9972753524780273,0,19550,97.75,18306.74609375
4592,0.0003012021188624203,0,19550,97.75,18306.74609375
4593,0.4713464081287384,0,19550,97.75,18307.216796875
4594,0.00015656152390874922,0,19550,97.75,18307.216796875
4595,0.3843248784542084,0,19550,97.75,18307.6015625
4596,0.0002702077035792172,0,19550,97.75,18307.6015625
4597,1.766966462135315,0,19550,97.75,18309.369140625
4598,7.673732757568359,0,19550,97.75,18317.04296875
4599,3.596921682357788,0,19550,97.75,18320.640625
4600,24.080678939819336,0,19550,97.75,18344.720703125
4601,3.3354339599609375,0,19550,97.75,18348.056640625
4602,6.748770713806152,0,19550,97.75,18354.8046875
4603,4.136883735656738,0,19550,97.75,18358.94140625
4604,11.255874633789062,0,19550,97.75,18370.197265625
4605,1.013798475265503,0,19550,97.75,18371.2109375
4606,2.9671971788047813e-05,0,19550,97.75,18371.2109375
4607,0.6911073327064514,0,19550,97.75,18371.90234375
4608,0.00019204625277779996,0,19550,97.75,18371.90234375
4609,2.2692408561706543,0,19550,97.75,18374.171875
4610,6.444098472595215,0,19550,97.75,18380.615234375
4611,0.9533998966217041,0,19550,97.75,18381.568359375
4612,0.00041723327012732625,0,19550,97.75,18381.568359375
4613,2.2822794914245605,0,19550,97.75,18383.8515625
4614,0.00019907949899788946,0,19550,97.75,18383.8515625
4615,4.807656764984131,0,19550,97.75,18388.66015625
4616,1.1098674535751343,0,19550,97.75,18389.76953125
4617,0.981403648853302,0,19550,97.75,18390.75
4618,25.147815704345703,0,19550,97.75,18415.8984375
4619,0.31411659717559814,0,19550,97.75,18416.212890625
4620,1.6975409380393103e-06,0,19550,97.75,18416.212890625
4621,1.8877218961715698,0,19550,97.75,18418.1015625
4622,0.0008212526445277035,0,19550,97.75,18418.1015625
4623,2.185256004333496,0,19550,97.75,18420.287109375
4624,6.377696990966797e-05,0,19550,97.75,18420.287109375
4625,1.2712514400482178,0,19550,97.75,18421.55859375
4626,0.0005061427364125848,0,19550,97.75,18421.55859375
4627,3.7882983684539795,0,19550,97.75,18425.34765625
4628,22.186864852905273,0,19550,97.75,18447.53515625
4629,2.2731993198394775,0,19550,97.75,18449.80859375
4630,20.366817474365234,0,19550,97.75,18470.17578125
4631,4.282886505126953,0,19550,97.75,18474.458984375
4632,12.374296188354492,1,19551,97.7550048828125,18486.833984375
4633,2.341796398162842,0,19551,97.7550048828125,18489.17578125
4634,0.001827081898227334,0,19551,97.7550048828125,18489.177734375
4635,0.4673302471637726,0,19551,97.7550048828125,18489.64453125
4636,10.035141944885254,0,19551,97.7550048828125,18499.6796875
4637,0.06986372917890549,0,19551,97.7550048828125,18499.75
4638,5.235510252532549e-05,0,19551,97.7550048828125,18499.75
4639,4.269545078277588,0,19551,97.7550048828125,18504.01953125
4640,12.920835494995117,0,19551,97.7550048828125,18516.939453125
4641,4.630011081695557,0,19551,97.7550048828125,18521.5703125
4642,12.363299369812012,0,19551,97.7550048828125,18533.93359375
4643,1.6263552904129028,0,19551,97.7550048828125,18535.560546875
4644,0.0004700857389252633,0,19551,97.7550048828125,18535.560546875
4645,3.2588884830474854,0,19551,97.7550048828125,18538.8203125
4646,0.0006488958606496453,0,19551,97.7550048828125,18538.8203125
4647,3.5963268280029297,0,19551,97.7550048828125,18542.416015625
4648,0.0007724761380814016,0,19551,97.7550048828125,18542.416015625
4649,1.9030226469039917,0,19551,97.7550048828125,18544.318359375
4650,11.666203498840332,0,19551,97.7550048828125,18555.984375
4651,0.778279185295105,0,19551,97.7550048828125,18556.76171875
4652,0.0011030832538381219,0,19551,97.7550048828125,18556.763671875
4653,0.22701270878314972,0,19551,97.7550048828125,18556.990234375
4654,0.0021942455787211657,0,19551,97.7550048828125,18556.9921875
4655,1.3054430484771729,0,19551,97.7550048828125,18558.296875
4656,0.00022808709763921797,0,19551,97.7550048828125,18558.296875
4657,3.4020957946777344,0,19551,97.7550048828125,18561.69921875
4658,10.311685562133789,0,19551,97.7550048828125,18572.01171875
4659,4.046021461486816,0,19551,97.7550048828125,18576.05859375
4660,0.0016848245868459344,0,19551,97.7550048828125,18576.060546875
4661,2.536358594894409,0,19551,97.7550048828125,18578.59765625
4662,12.518157958984375,1,19552,97.75999450683594,18591.115234375
4663,2.8157005310058594,0,19552,97.75999450683594,18593.931640625
4664,11.671096801757812,0,19552,97.75999450683594,18605.603515625
4665,0.97468501329422,0,19552,97.75999450683594,18606.578125
4666,0.00022227884619496763,0,19552,97.75999450683594,18606.578125
4667,3.908426523208618,0,19552,97.75999450683594,18610.486328125
4668,5.610973834991455,0,19552,97.75999450683594,18616.09765625
4669,2.313350200653076,0,19552,97.75999450683594,18618.41015625
4670,0.0007561843376606703,0,19552,97.75999450683594,18618.41015625
4671,2.0488805770874023,0,19552,97.75999450683594,18620.458984375
4672,2.563213586807251,0,19552,97.75999450683594,18623.021484375
4673,1.06893789768219,0,19552,97.75999450683594,18624.08984375
4674,6.75519258948043e-05,0,19552,97.75999450683594,18624.08984375
4675,4.806498050689697,0,19552,97.75999450683594,18628.896484375
4676,6.2098917961120605,0,19552,97.75999450683594,18635.10546875
4677,4.649425983428955,0,19552,97.75999450683594,18639.755859375
4678,5.922142028808594,0,19552,97.75999450683594,18645.677734375
4679,0.7151222825050354,0,19552,97.75999450683594,18646.392578125
4680,0.00020464260887820274,0,19552,97.75999450683594,18646.392578125
4681,2.577190399169922,0,19552,97.75999450683594,18648.970703125
4682,6.135866165161133,1,19553,97.76499938964844,18655.107421875
4683,3.5485312938690186,0,19553,97.76499938964844,18658.65625
4684,5.955261707305908,0,19553,97.76499938964844,18664.611328125
4685,4.32615852355957,0,19553,97.76499938964844,18668.9375
4686,5.700737476348877,0,19553,97.76499938964844,18674.638671875
4687,3.641591787338257,0,19553,97.76499938964844,18678.279296875
4688,7.2089738845825195,0,19553,97.76499938964844,18685.48828125
4689,0.06790535897016525,0,19553,97.76499938964844,18685.556640625
4690,0.0002113981608999893,0,19553,97.76499938964844,18685.556640625
4691,3.8883514404296875,0,19553,97.76499938964844,18689.4453125
4692,19.17197036743164,0,19553,97.76499938964844,18708.6171875
4693,0.37118321657180786,0,19553,97.76499938964844,18708.98828125
4694,0.00012874847743660212,0,19553,97.76499938964844,18708.98828125
4695,3.644101142883301,0,19553,97.76499938964844,18712.6328125
4696,14.213624954223633,0,19553,97.76499938964844,18726.845703125
4697,3.6728475093841553,0,19553,97.76499938964844,18730.517578125
4698,5.279489517211914,0,19553,97.76499938964844,18735.796875
4699,4.732721328735352,0,19553,97.76499938964844,18740.529296875
4700,24.634672164916992,0,19553,97.76499938964844,18765.1640625
4701,4.878692626953125,0,19553,97.76499938964844,18770.04296875
4702,25.130931854248047,0,19553,97.76499938964844,18795.173828125
4703,1.5385485887527466,0,19553,97.76499938964844,18796.712890625
4704,0.001037319772876799,0,19553,97.76499938964844,18796.71484375
4705,4.0525994300842285,0,19553,97.76499938964844,18800.767578125
4706,0.0011376539478078485,0,19553,97.76499938964844,18800.76953125
4707,4.678176403045654,0,19553,97.76499938964844,18805.447265625
4708,17.036022186279297,0,19553,97.76499938964844,18822.482421875
4709,0.46371936798095703,0,19553,97.76499938964844,18822.9453125
4710,0.0003278265066910535,0,19553,97.76499938964844,18822.9453125
4711,0.6595754027366638,0,19553,97.76499938964844,18823.60546875
4712,0.0008396307239308953,0,19553,97.76499938964844,18823.60546875
4713,4.468127727508545,0,19553,97.76499938964844,18828.07421875
4714,10.53718090057373,0,19553,97.76499938964844,18838.611328125
4715,1.2827633619308472,0,19553,97.76499938964844,18839.89453125
4716,0.006300210487097502,0,19553,97.76499938964844,18839.900390625
4717,1.4899017810821533,0,19553,97.76499938964844,18841.390625
4718,0.00021934507822152227,0,19553,97.76499938964844,18841.390625
4719,1.9819413423538208,0,19553,97.76499938964844,18843.373046875
4720,12.517473220825195,0,19553,97.76499938964844,18855.890625
4721,0.5590843558311462,0,19553,97.76499938964844,18856.44921875
4722,0.00023206108016893268,0,19553,97.76499938964844,18856.44921875
4723,1.6186106204986572,0,19553,97.76499938964844,18858.068359375
4724,0.0001446405949536711,0,19553,97.76499938964844,18858.068359375
4725,1.4842615127563477,0,19553,97.76499938964844,18859.552734375
4726,0.0014313061255961657,0,19553,97.76499938964844,18859.5546875
4727,1.6034111976623535,0,19553,97.76499938964844,18861.158203125
4728,4.456133842468262,0,19553,97.76499938964844,18865.615234375
4729,3.6071572303771973,0,19553,97.76499938964844,18869.22265625
4730,10.662528991699219,0,19553,97.76499938964844,18879.884765625
4731,1.5381931066513062,0,19553,97.76499938964844,18881.423828125
4732,6.276626663748175e-05,0,19553,97.76499938964844,18881.423828125
4733,3.352782726287842,0,19553,97.76499938964844,18884.77734375
4734,16.380462646484375,0,19553,97.76499938964844,18901.158203125
4735,0.880455732345581,0,19553,97.76499938964844,18902.0390625
4736,8.885335773811676e-06,0,19553,97.76499938964844,18902.0390625
4737,1.8908079862594604,0,19553,97.76499938964844,18903.9296875
4738,0.0008956590900197625,0,19553,97.76499938964844,18903.9296875
4739,4.401675224304199,0,19553,97.76499938964844,18908.33203125
4740,0.017349321395158768,0,19553,97.76499938964844,18908.349609375
4741,1.936806321144104,0,19553,97.76499938964844,18910.287109375
4742,0.00011603037273744121,0,19553,97.76499938964844,18910.287109375
4743,4.943302154541016,0,19553,97.76499938964844,18915.23046875
4744,14.051487922668457,0,19553,97.76499938964844,18929.28125
4745,2.5077710151672363,0,19553,97.76499938964844,18931.7890625
4746,8.459418296813965,0,19553,97.76499938964844,18940.248046875
4747,3.6553547382354736,0,19553,97.76499938964844,18943.904296875
4748,5.4315876960754395,0,19553,97.76499938964844,18949.3359375
4749,3.9742774963378906,0,19553,97.76499938964844,18953.310546875
4750,19.258750915527344,0,19553,97.76499938964844,18972.568359375
4751,1.1371896266937256,0,19553,97.76499938964844,18973.705078125
4752,0.0005349114653654397,0,19553,97.76499938964844,18973.705078125
4753,3.533082962036133,0,19553,97.76499938964844,18977.23828125
4754,0.0008901456603780389,0,19553,97.76499938964844,18977.23828125
4755,1.0460768938064575,0,19553,97.76499938964844,18978.28515625
4756,6.997676372528076,0,19553,97.76499938964844,18985.283203125
4757,2.6240310668945312,0,19553,97.76499938964844,18987.908203125
4758,0.0014909108867868781,0,19553,97.76499938964844,18987.91015625
4759,0.02505047619342804,0,19553,97.76499938964844,18987.935546875
4760,0.0016069411067292094,0,19553,97.76499938964844,18987.9375
4761,1.6355869770050049,0,19553,97.76499938964844,18989.572265625
4762,3.019416570663452,0,19553,97.76499938964844,18992.591796875
4763,4.759212493896484,0,19553,97.76499938964844,18997.3515625
4764,3.5577073097229004,0,19553,97.76499938964844,19000.91015625
4765,2.7362678050994873,0,19553,97.76499938964844,19003.646484375
4766,0.00035762807237915695,0,19553,97.76499938964844,19003.646484375
4767,0.640642523765564,0,19553,97.76499938964844,19004.287109375
4768,0.0009187062387354672,0,19553,97.76499938964844,19004.287109375
4769,0.7579529285430908,0,19553,97.76499938964844,19005.044921875
4770,2.8064136505126953,0,19553,97.76499938964844,19007.8515625
4771,1.1761319637298584,0,19553,97.76499938964844,19009.02734375
4772,0.00023404756211675704,0,19553,97.76499938964844,19009.02734375
4773,3.15826153755188,0,19553,97.76499938964844,19012.185546875
4774,0.0016733009833842516,0,19553,97.76499938964844,19012.1875
4775,3.982063055038452,0,19553,97.76499938964844,19016.169921875
4776,0.0007053216104395688,0,19553,97.76499938964844,19016.169921875
4777,2.9558310508728027,0,19553,97.76499938964844,19019.125
4778,0.0002984205784741789,0,19553,97.76499938964844,19019.125
4779,2.355992555618286,0,19553,97.76499938964844,19021.48046875
4780,0.0003123283386230469,0,19553,97.76499938964844,19021.48046875
4781,3.2435519695281982,0,19553,97.76499938964844,19024.724609375
4782,0.0011436144122853875,0,19553,97.76499938964844,19024.7265625
4783,1.5826139450073242,0,19553,97.76499938964844,19026.30859375
4784,24.58076286315918,0,19553,97.76499938964844,19050.888671875
4785,1.6166518926620483,0,19553,97.76499938964844,19052.505859375
4786,0.00010612305050017312,0,19553,97.76499938964844,19052.505859375
4787,2.653648614883423,0,19553,97.76499938964844,19055.16015625
4788,0.001571178319863975,0,19553,97.76499938964844,19055.162109375
4789,3.2059714794158936,0,19553,97.76499938964844,19058.3671875
4790,0.00025471049593761563,0,19553,97.76499938964844,19058.3671875
4791,0.8934330940246582,0,19553,97.76499938964844,19059.259765625
4792,3.059704977204092e-05,0,19553,97.76499938964844,19059.259765625
4793,2.372547149658203,0,19553,97.76499938964844,19061.6328125
4794,0.0019260246772319078,0,19553,97.76499938964844,19061.634765625
4795,3.303952217102051,0,19553,97.76499938964844,19064.939453125
4796,0.00026782351778820157,0,19553,97.76499938964844,19064.939453125
4797,3.2143194675445557,0,19553,97.76499938964844,19068.154296875
4798,21.05414390563965,0,19553,97.76499938964844,19089.208984375
4799,4.573272705078125,0,19553,97.76499938964844,19093.783203125
4800,18.398681640625,0,19553,97.76499938964844,19112.181640625
4801,3.009023427963257,0,19553,97.76499938964844,19115.19140625
4802,0.0005586944171227515,0,19553,97.76499938964844,19115.19140625
4803,2.7345223426818848,0,19553,97.76499938964844,19117.92578125
4804,0.00027179718017578125,0,19553,97.76499938964844,19117.92578125
4805,4.809398174285889,0,19553,97.76499938964844,19122.734375
4806,19.306325912475586,0,19553,97.76499938964844,19142.041015625
4807,3.1204400062561035,0,19553,97.76499938964844,19145.162109375
4808,9.832620620727539,0,19553,97.76499938964844,19154.994140625
4809,1.170122504234314,0,19553,97.76499938964844,19156.1640625
4810,0.0007486360264010727,0,19553,97.76499938964844,19156.1640625
4811,2.1607203483581543,0,19553,97.76499938964844,19158.32421875
4812,2.782677173614502,0,19553,97.76499938964844,19161.107421875
4813,1.3929355144500732,0,19553,97.76499938964844,19162.5
4814,2.0563602447509766e-05,0,19553,97.76499938964844,19162.5
4815,4.9689106941223145,0,19553,97.76499938964844,19167.46875
4816,16.169891357421875,0,19553,97.76499938964844,19183.638671875
4817,0.07989537715911865,0,19553,97.76499938964844,19183.71875
4818,6.474111432908103e-05,0,19553,97.76499938964844,19183.71875
4819,0.4631960988044739,0,19553,97.76499938964844,19184.181640625
4820,0.00017447561549488455,0,19553,97.76499938964844,19184.181640625
4821,0.4248855710029602,0,19553,97.76499938964844,19184.607421875
4822,0.0003099973837379366,0,19553,97.76499938964844,19184.607421875
4823,3.4791312217712402,0,19553,97.76499938964844,19188.0859375
4824,15.987316131591797,0,19553,97.76499938964844,19204.07421875
4825,1.6486361026763916,0,19553,97.76499938964844,19205.72265625
4826,2.2478318442153977e-06,0,19553,97.76499938964844,19205.72265625
4827,4.111335277557373,0,19553,97.76499938964844,19209.833984375
4828,4.410076141357422,0,19553,97.76499938964844,19214.244140625
4829,1.5811811685562134,0,19553,97.76499938964844,19215.826171875
4830,5.800264358520508,0,19553,97.76499938964844,19221.626953125
4831,4.387777805328369,0,19553,97.76499938964844,19226.015625
4832,3.369816303253174,0,19553,97.76499938964844,19229.384765625
4833,3.8821849822998047,0,19553,97.76499938964844,19233.267578125
4834,2.3020639419555664,0,19553,97.76499938964844,19235.5703125
4835,1.992779016494751,0,19553,97.76499938964844,19237.5625
4836,0.0007041295175440609,0,19553,97.76499938964844,19237.5625
4837,2.6954755783081055,0,19553,97.76499938964844,19240.2578125
4838,0.9023950099945068,0,19553,97.76499938964844,19241.16015625
4839,1.040030598640442,0,19553,97.76499938964844,19242.19921875
4840,8.618875503540039,0,19553,97.76499938964844,19250.818359375
4841,4.695682048797607,0,19553,97.76499938964844,19255.513671875
4842,9.091896057128906,0,19553,97.76499938964844,19264.60546875
4843,1.7559345960617065,0,19553,97.76499938964844,19266.361328125
4844,0.0009934109402820468,0,19553,97.76499938964844,19266.36328125
4845,4.740733623504639,0,19553,97.76499938964844,19271.103515625
4846,15.29623794555664,0,19553,97.76499938964844,19286.400390625
4847,1.9771848917007446,0,19553,97.76499938964844,19288.376953125
4848,0.0003183630178682506,0,19553,97.76499938964844,19288.376953125
4849,1.7975486516952515,0,19553,97.76499938964844,19290.173828125
4850,11.483321189880371,0,19553,97.76499938964844,19301.65625
4851,4.780557632446289,0,19553,97.76499938964844,19306.4375
4852,8.469979286193848,0,19553,97.76499938964844,19314.908203125
4853,1.1298308372497559,0,19553,97.76499938964844,19316.037109375
4854,0.000124593818327412,0,19553,97.76499938964844,19316.037109375
4855,2.2639689445495605,0,19553,97.76499938964844,19318.30078125
4856,0.0006027628551237285,0,19553,97.76499938964844,19318.30078125
4857,0.45620691776275635,0,19553,97.76499938964844,19318.7578125
4858,0.0014980887062847614,0,19553,97.76499938964844,19318.759765625
4859,2.3091776371002197,0,19553,97.76499938964844,19321.068359375
4860,3.28877467836719e-05,0,19553,97.76499938964844,19321.068359375
4861,0.7454335689544678,0,19553,97.76499938964844,19321.814453125
4862,0.00021223606017883867,0,19553,97.76499938964844,19321.814453125
4863,2.4920103549957275,0,19553,97.76499938964844,19324.306640625
4864,0.0005176148260943592,0,19553,97.76499938964844,19324.306640625
4865,3.052201271057129,0,19553,97.76499938964844,19327.359375
4866,0.0004372677649371326,0,19553,97.76499938964844,19327.359375
4867,0.9763679504394531,0,19553,97.76499938964844,19328.3359375
4868,0.00877986941486597,0,19553,97.76499938964844,19328.34375
4869,4.00654411315918,0,19553,97.76499938964844,19332.349609375
4870,0.0005023239646106958,0,19553,97.76499938964844,19332.349609375
4871,3.356654644012451,0,19553,97.76499938964844,19335.70703125
4872,13.40823745727539,0,19553,97.76499938964844,19349.115234375
4873,0.756486713886261,0,19553,97.76499938964844,19349.87109375
4874,0.0003965727228205651,0,19553,97.76499938964844,19349.87109375
4875,4.932003974914551,0,19553,97.76499938964844,19354.802734375
4876,29.280553817749023,0,19553,97.76499938964844,19384.083984375
4877,3.38208270072937,0,19553,97.76499938964844,19387.466796875
4878,12.801634788513184,0,19553,97.76499938964844,19400.267578125
4879,0.6073559522628784,0,19553,97.76499938964844,19400.875
4880,3.6560886655934155e-05,0,19553,97.76499938964844,19400.875
4881,3.903754234313965,0,19553,97.76499938964844,19404.779296875
4882,14.731267929077148,0,19553,97.76499938964844,19419.509765625
4883,0.8598790764808655,0,19553,97.76499938964844,19420.369140625
4884,1.2839616829296574e-05,0,19553,97.76499938964844,19420.369140625
4885,3.0787835121154785,0,19553,97.76499938964844,19423.447265625
4886,5.682272911071777,0,19553,97.76499938964844,19429.12890625
4887,2.105807304382324,0,19553,97.76499938964844,19431.234375
4888,0.00043869015644304454,0,19553,97.76499938964844,19431.234375
4889,4.313708305358887,0,19553,97.76499938964844,19435.548828125
4890,21.48767852783203,0,19553,97.76499938964844,19457.037109375
4891,0.7376657128334045,0,19553,97.76499938964844,19457.775390625
4892,0.0002360349171794951,0,19553,97.76499938964844,19457.775390625
4893,4.572154998779297,0,19553,97.76499938964844,19462.34765625
4894,19.505048751831055,0,19553,97.76499938964844,19481.853515625
4895,2.4334380626678467,0,19553,97.76499938964844,19484.287109375
4896,5.797245502471924,0,19553,97.76499938964844,19490.083984375
4897,0.03487114980816841,0,19553,97.76499938964844,19490.119140625
4898,0.00039259609184227884,0,19553,97.76499938964844,19490.119140625
4899,3.2736761569976807,0,19553,97.76499938964844,19493.392578125
4900,6.208665370941162,0,19553,97.76499938964844,19499.6015625
4901,3.351430654525757,0,19553,97.76499938964844,19502.953125
4902,5.9761962890625,0,19553,97.76499938964844,19508.9296875
4903,0.7738505601882935,0,19553,97.76499938964844,19509.703125
4904,0.0003453095559962094,0,19553,97.76499938964844,19509.703125
4905,0.06901754438877106,0,19553,97.76499938964844,19509.771484375
4906,0.0003165006637573242,0,19553,97.76499938964844,19509.771484375
4907,0.1304364949464798,0,19553,97.76499938964844,19509.90234375
4908,0.00037312504719011486,0,19553,97.76499938964844,19509.90234375
4909,3.9742345809936523,0,19553,97.76499938964844,19513.876953125
4910,6.688589572906494,0,19553,97.76499938964844,19520.56640625
4911,1.461049199104309,0,19553,97.76499938964844,19522.02734375
4912,4.51126616098918e-05,0,19553,97.76499938964844,19522.02734375
4913,4.780148506164551,0,19553,97.76499938964844,19526.806640625
4914,5.798083305358887,0,19553,97.76499938964844,19532.60546875
4915,3.1852052211761475,0,19553,97.76499938964844,19535.791015625
4916,21.051761627197266,0,19553,97.76499938964844,19556.84375
4917,4.98133659362793,0,19553,97.76499938964844,19561.82421875
4918,19.446683883666992,0,19553,97.76499938964844,19581.271484375
4919,2.6714954376220703,0,19553,97.76499938964844,19583.943359375
4920,0.00026678419089876115,0,19553,97.76499938964844,19583.943359375
4921,1.6815340518951416,0,19553,97.76499938964844,19585.625
4922,16.618562698364258,0,19553,97.76499938964844,19602.244140625
4923,2.98036789894104,0,19553,97.76499938964844,19605.224609375
4924,10.337071418762207,0,19553,97.76499938964844,19615.5625
4925,1.690046787261963,0,19553,97.76499938964844,19617.251953125
4926,0.0005690260441042483,0,19553,97.76499938964844,19617.251953125
4927,3.4775967597961426,0,19553,97.76499938964844,19620.73046875
4928,15.723356246948242,0,19553,97.76499938964844,19636.453125
4929,2.353771686553955,0,19553,97.76499938964844,19638.806640625
4930,0.0018628437537699938,0,19553,97.76499938964844,19638.80859375
4931,3.5391292572021484,0,19553,97.76499938964844,19642.34765625
4932,0.0003647804260253906,0,19553,97.76499938964844,19642.34765625
4933,1.0817991495132446,0,19553,97.76499938964844,19643.4296875
4934,0.005477269180119038,0,19553,97.76499938964844,19643.435546875
4935,1.232684850692749,0,19553,97.76499938964844,19644.66796875
4936,0.00030199685716070235,0,19553,97.76499938964844,19644.66796875
4937,3.1745479106903076,0,19553,97.76499938964844,19647.841796875
4938,0.0010363260516896844,0,19553,97.76499938964844,19647.84375
4939,4.343015670776367,0,19553,97.76499938964844,19652.1875
4940,27.750595092773438,0,19553,97.76499938964844,19679.9375
4941,3.386317491531372,0,19553,97.76499938964844,19683.32421875
4942,0.0019762914162129164,0,19553,97.76499938964844,19683.326171875
4943,3.6663434505462646,0,19553,97.76499938964844,19686.9921875
4944,14.605263710021973,0,19553,97.76499938964844,19701.59765625
4945,1.9904682636260986,0,19553,97.76499938964844,19703.587890625
4946,2.873291254043579,0,19553,97.76499938964844,19706.4609375
4947,3.8727550506591797,0,19553,97.76499938964844,19710.333984375
4948,0.8555892705917358,0,19553,97.76499938964844,19711.189453125
4949,4.099410533905029,0,19553,97.76499938964844,19715.2890625
4950,9.635416984558105,0,19553,97.76499938964844,19724.923828125
4951,1.4429707527160645,0,19553,97.76499938964844,19726.3671875
4952,0.00023444493126589805,0,19553,97.76499938964844,19726.3671875
4953,3.474067211151123,0,19553,97.76499938964844,19729.841796875
4954,0.5109468698501587,0,19553,97.76499938964844,19730.353515625
4955,3.1849679946899414,0,19553,97.76499938964844,19733.5390625
4956,0.0001533826143713668,0,19553,97.76499938964844,19733.5390625
4957,1.99313485622406,0,19553,97.76499938964844,19735.53125
4958,0.0003584225778467953,0,19553,97.76499938964844,19735.53125
4959,0.2779541611671448,0,19553,97.76499938964844,19735.80859375
4960,0.0005141893634572625,0,19553,97.76499938964844,19735.80859375
4961,2.5395212173461914,0,19553,97.76499938964844,19738.34765625
4962,14.466399192810059,0,19553,97.76499938964844,19752.814453125
4963,0.7834970355033875,0,19553,97.76499938964844,19753.59765625
4964,0.0005755884340032935,0,19553,97.76499938964844,19753.59765625
4965,0.8014559149742126,0,19553,97.76499938964844,19754.3984375
4966,0.00019927819084841758,0,19553,97.76499938964844,19754.3984375
4967,3.351738452911377,0,19553,97.76499938964844,19757.75
4968,6.445540428161621,0,19553,97.76499938964844,19764.1953125
4969,0.26591065526008606,0,19553,97.76499938964844,19764.4609375
4970,0.0002608696522656828,0,19553,97.76499938964844,19764.4609375
4971,3.4277687072753906,0,19553,97.76499938964844,19767.888671875
4972,0.0041051702573895454,0,19553,97.76499938964844,19767.892578125
4973,2.899761199951172,0,19553,97.76499938964844,19770.79296875
4974,0.00011503695714054629,0,19553,97.76499938964844,19770.79296875
4975,3.758101224899292,0,19553,97.76499938964844,19774.55078125
4976,15.447002410888672,0,19553,97.76499938964844,19789.998046875
4977,2.1847949028015137,0,19553,97.76499938964844,19792.18359375
4978,5.690321922302246,0,19553,97.76499938964844,19797.873046875
4979,2.210794448852539,0,19553,97.76499938964844,19800.083984375
4980,24.276575088500977,0,19553,97.76499938964844,19824.361328125
4981,1.7730199098587036,0,19553,97.76499938964844,19826.134765625
4982,0.0005674451240338385,0,19553,97.76499938964844,19826.134765625
4983,0.5277250409126282,0,19553,97.76499938964844,19826.662109375
4984,0.001613696338608861,0,19553,97.76499938964844,19826.6640625
4985,1.9152183532714844,0,19553,97.76499938964844,19828.580078125
4986,22.583831787109375,1,19554,97.7699966430664,19851.1640625
4987,3.9578030109405518,0,19554,97.7699966430664,19855.12109375
4988,14.973224639892578,0,19554,97.7699966430664,19870.09375
4989,1.8769587278366089,0,19554,97.7699966430664,19871.970703125
4990,0.0008603788446635008,0,19554,97.7699966430664,19871.970703125
4991,4.696552753448486,0,19554,97.7699966430664,19876.66796875
4992,12.067094802856445,0,19554,97.7699966430664,19888.734375
4993,2.143477201461792,0,19554,97.7699966430664,19890.876953125
4994,0.0006691619637422264,0,19554,97.7699966430664,19890.876953125
4995,3.06024169921875,0,19554,97.7699966430664,19893.9375
4996,0.00035246211336925626,0,19554,97.7699966430664,19893.9375
4997,4.8351006507873535,0,19554,97.7699966430664,19898.7734375
4998,20.27578353881836,0,19554,97.7699966430664,19919.048828125
4999,0.8934319615364075,0,19554,97.7699966430664,19919.94140625
